-1011.0	482.290336228
-1010.93748777	482.812629185
-1010.93937649	483.485351323
-1011.0883399	484.354354779
-1011.34334592	485.374622172
-1011.3434625	485.375368289
-1011.34357907	485.376114406
-1011.34369565	485.376860523
-1011.41800865	486.316795255
-1011.43401858	487.126158137
-1011.52886951	487.815183056
-1011.52915623	487.818096542
-1011.52944295	487.821010029
-1011.52972968	487.823923515
-1013.00599251	489.451879144
-1013.00879372	489.457561077
-1013.01159494	489.46324301
-1013.01439616	489.468924944
-1013.92290054	491.792415216
-1013.92795879	491.803873183
-1013.93301704	491.815331151
-1013.9380753	491.826789119
-1014.28027317	492.6428706
-1014.28647484	492.657057457
-1014.2926765	492.671244313
-1014.29887817	492.68543117
-1014.60849504	493.511681024
-1014.61602497	493.529422853
-1014.6235549	493.547164682
-1014.63108482	493.56490651
-1014.6743814	494.092785866
-1014.68210519	494.113292663
-1014.68982897	494.13379946
-1014.69755275	494.154306257
-1013.98916723	492.427132586
-1013.99224772	492.436307322
-1013.99532821	492.445482057
-1013.9984087	492.454656792
-1013.94628625	491.76151527
-1013.94895081	491.765398473
-1013.95161538	491.769281677
-1013.95427995	491.77316488
-1014.2439138	491.354810166
-1014.24902854	491.355088265
-1014.25414327	491.355366364
-1014.25925801	491.355644463
-1014.37567716	491.971020604
-1014.38184565	491.977122021
-1014.38801414	491.983223438
-1014.39418263	491.989324855
-1014.38784309	491.745627963
-1014.39388273	491.749156141
-1014.39992237	491.752684319
-1014.40596202	491.756212497
-1014.46426072	491.570194746
-1014.47087662	491.571632797
-1014.47749252	491.573070848
-1014.48410842	491.574508899
-1015.72581683	492.181994719
-1015.7468081	492.190486621
-1015.76779936	492.198978522
-1015.78879063	492.207470423
-1016.99589827	493.055488173
-1017.03128717	493.074170628
-1017.06667607	493.092853082
-1017.10206496	493.111535536
-1018.46090039	493.633206404
-1018.51287339	493.658191804
-1018.56484639	493.683177205
-1018.61681939	493.708162605
-1020.88017913	496.605308701
-1020.96051522	496.667132225
-1021.0408513	496.72895575
-1021.12118739	496.790779275
-1022.77543652	499.541004524
-1022.87628759	499.637869706
-1022.97713866	499.734734888
-1023.98245715	502.154666365
-1024.09519709	502.282067339
-1024.20793703	502.409468313
-1024.32067697	502.536869287
-1024.60473177	503.496963093
-1024.71973957	503.635387257
-1024.83474738	503.77381142
-1024.94975518	503.912235584
-1025.51780206	504.301603791
-1025.63882401	504.443359266
-1025.75984596	504.58511474
-1025.88086791	504.726870214
-1026.37541454	504.875637803
-1026.9429966	504.860691652
-1027.78022107	504.544535185
-1028.81531582	504.150265365
-1029.98465103	503.973668267
-1031.32595354	504.280911455
-1032.68843216	505.220696974
-1034.02626201	506.520704049
-1034.23928752	506.672186913
-1034.45231303	506.823669777
-1034.66533854	506.975152642
-1035.94200891	507.312873281
-1036.16925531	507.466846136
-1036.3965017	507.620818992
-1036.62374809	507.774791847
-1037.72207302	509.049866407
-1037.9609669	509.218829896
-1038.69829038	511.148150863
-1038.94384381	511.340634578
-1039.18939723	511.533118292
-1039.43495066	511.725602007
-1039.59049676	511.922473027
-1039.83485117	512.115015187
-1040.07920557	512.307557347
-1039.59304561	510.772987886
-1039.82770287	510.94260366
-1040.06236013	511.112219435
-1040.29701739	511.28183521
-1039.00736269	510.39136835
-1039.22190887	510.54699788
-1039.43645506	510.702627409
-1039.65100124	510.858256938
-1040.29358284	512.452946548
-1040.51373315	512.627417234
-1040.73388347	512.80188792
-1040.95403379	512.976358606
-1041.28817779	514.327665593
-1041.50980746	514.51740868
-1041.73143713	514.707151767
-1041.9530668	514.896894854
-1042.61663176	514.951529087
-1042.8439415	515.139535657
-1043.07125125	515.327542227
-1043.29856099	515.515548797
-1044.22685983	515.321840567
-1044.4630877	515.504990886
-1044.69931557	515.688141205
-1044.93554343	515.871291524
-1045.36678337	516.395448054
-1045.60546625	516.58289132
-1045.84414914	516.770334587
-1046.08283202	516.957777853
-1047.00695855	517.489043248
-1047.2541792	517.680769101
-1047.50139985	517.872494953
-1047.74862049	518.064220806
-1047.0532435	516.641706954
-1047.28884713	516.813538164
-1047.52445077	516.985369374
-1047.7600544	517.157200584
-1048.07005996	517.675058392
-1048.30657104	517.851109933
-1048.54308212	518.027161474
-1048.7795932	518.203213015
-1047.7318446	517.218542387
-1047.95285047	517.380580225
-1048.17385635	517.542618064
-1048.39486223	517.704655902
-1048.79876674	519.334504957
-1049.02195925	519.514091191
-1049.24515177	519.693677426
-1049.46834429	519.87326366
-1049.17084817	521.449371718
-1049.38787373	521.645498164
-1049.60489928	521.841624611
-1049.82192483	522.037751057
-1049.87832997	522.845661815
-1050.09347003	523.048969892
-1050.30861009	523.252277968
-1050.52375015	523.455586044
-1050.68006442	524.721029038
-1050.89451971	524.93670105
-1051.10897499	525.152373063
-1051.32343028	525.368045075
-1051.73568263	525.456487184
-1051.95242237	525.67068976
-1052.1691621	525.884892337
-1052.38590184	526.099094914
-1051.98717654	526.206980669
-1052.19685981	526.419964296
-1052.40654308	526.632947923
-1052.61622635	526.845931549
-1051.61792983	528.602189636
-1051.81385662	528.83274808
-1052.00978341	529.063306523
-1052.2057102	529.293864967
-1050.32081361	527.925043151
-1050.4931906	528.137500549
-1050.66556759	528.349957947
-1050.83794459	528.562415345
-1049.0347132	528.217425174
-1047.54045621	528.701214191
-1047.67211348	528.910519195
-1046.24154195	529.636480957
-1044.97516658	530.646717139
-1043.64108902	531.695352402
-1042.3763389	532.713424044
-1042.44367816	532.955563337
-1042.51101743	533.197702631
-1042.5783567	533.439841925
-1041.80566546	535.762380052
-1041.86350054	536.028057176
-1041.92133563	536.293734301
-1041.97917071	536.559411426
-1040.20375462	537.58280631
-1040.24076452	537.857090885
-1040.27777441	538.131375459
-1040.3147843	538.405660033
-1039.77440286	540.845219288
-1039.80483493	541.144171342
-1039.835267	541.443123396
-1039.86569907	541.74207545
-1039.83303719	544.291164487
-1039.86274914	544.615798462
-1039.89246109	544.940432437
-1039.92217304	545.265066412
-1036.66083603	544.401555088
-1036.6529485	544.712614775
-1036.64506097	545.023674463
-1036.63717344	545.33473415
-1034.54602604	544.507300389
-1034.51433188	544.805349849
-1034.48263773	545.103399309
-1034.45094357	545.401448768
-1033.57598513	546.090918337
-1033.53465814	546.393439092
-1033.49333116	546.695959846
-1033.45200417	546.998480601
-1032.03254741	549.224697852
-1031.97549177	549.549173837
-1031.91843613	549.873649822
-1031.86138049	550.198125808
-1031.81915568	552.680992659
-1031.76226909	553.030070056
-1031.70538249	553.379147453
-1031.64849589	553.72822485
-1031.46959552	554.378018731
-1031.4113205	554.730518052
-1031.35304548	555.083017373
-1031.29477046	555.435516694
-1030.598509	555.262226593
-1030.53298802	555.608754239
-1030.46746704	555.955281885
-1030.40194606	556.301809531
-1030.46649741	558.239601997
-1030.40245064	558.604164608
-1030.33840387	558.96872722
-1030.27435709	559.333289831
-1030.74569695	563.427763304
-1030.68770459	563.83450555
-1030.62971222	564.241247797
-1030.57171986	564.647990044
-1030.31400008	566.401113102
-1030.25375432	566.823045743
-1030.19350855	567.244978384
-1030.13326279	567.666911025
-1030.30716706	569.041701167
-1030.24955687	569.474359127
-1030.19194669	569.907017087
-1030.13433651	570.339675046
-1028.94378157	569.100502127
-1028.87344888	569.514386107
-1028.80311618	569.928270087
-1028.73278349	570.342154067
-1028.85160013	573.526983926
-1028.7833866	573.971912646
-1028.71517307	574.416841366
-1028.64695954	574.861770086
-1029.91385304	578.533906987
-1029.86056394	579.014910881
-1029.80727483	579.495914776
-1029.75398573	579.97691867
-1028.25552792	583.441390834
-1028.18611915	583.955672863
-1028.11671037	584.469954892
-1028.0473016	584.984236922
-1026.0949704	586.11322749
-1026.00460275	586.63435186
-1023.86923277	586.038407493
-1023.7561145	586.547104486
-1023.64299622	587.055801478
-1023.52987795	587.56449847
-1023.06602078	589.496779276
-1022.94900178	590.021308569
-1022.83198279	590.545837862
-1022.71496379	591.070367156
-1021.1924295	591.78698762
-1021.05978664	592.31365222
-1020.92714378	592.84031682
-1020.79450092	593.36698142
-1018.76210615	593.661322357
-1018.60835826	594.18540599
-1018.45461038	594.709489623
-1018.30086249	595.233573255
-1016.03780758	597.3099509
-1015.8606432	597.851267338
-1015.68347883	598.392583775
-1015.50631445	598.933900212
-1014.24922694	601.624245444
-1014.06008315	602.189400711
-1013.87093936	602.754555979
-1013.68179557	603.319711247
-1012.23253809	602.10483427
-1012.0294277	602.650260366
-1011.82631731	603.195686462
-1011.62320692	603.741112558
-1009.10037938	599.61067254
-1008.8715804	600.104318
-1005.68358942	593.554446324
-1005.42201951	593.970089902
-1005.16044961	594.385733479
-1004.8988797	594.801377057
-1003.16300175	593.222223281
-1002.88509298	593.615759721
-1002.6071842	594.009296161
-1002.32927543	594.402832601
-1001.88814889	594.25561337
-1001.60843046	594.64315425
-1001.32871203	595.030695131
-1001.0489936	595.418236011
-1000.46775832	598.781066468
-1000.18469617	599.201602234
-999.90163403	599.622138001
-999.618571887	600.042673768
-999.469317493	603.319998848
-999.187739224	603.77221526
-998.906160955	604.224431671
-998.624582686	604.676648082
-998.315305056	606.168274511
-998.033419666	606.632015508
-997.751534277	607.095756505
-997.469648887	607.559497502
-999.118717334	611.751531891
-998.858234737	612.256597484
-998.597752139	612.761663077
-998.337269542	613.26672867
-999.128710005	615.499726711
-998.879881867	616.023936401
-998.631053728	616.548146092
-998.382225589	617.072355783
-997.142367872	617.384483639
-996.882565743	617.906344879
-996.622763613	618.428206119
-996.362961484	618.950067359
-995.357320321	618.94167127
-994.773199228	619.035833749
-994.757847248	619.287380972
-994.48913099	619.79582692
-994.220414731	620.304272867
-993.951698473	620.812718815
-993.113609362	619.592872582
-992.83855878	620.082091123
-992.563508197	620.571309665
-992.288457615	621.060528206
-990.363530374	619.859672115
-990.070064373	620.330026561
-989.776598372	620.800381007
-989.483132371	621.270735453
-988.190519882	621.078932947
-987.885874119	621.541878312
-987.581228356	622.004823677
-987.276582593	622.467769042
-985.44377365	620.334488068
-985.121998707	620.768332335
-984.800223765	621.202176602
-984.478448823	621.636020868
-983.217738859	621.678288132
-982.885427412	622.107738215
-982.553115965	622.537188298
-982.220804519	622.966638381
-982.208830933	624.066440885
-982.77458503	626.016101663
-982.455918385	626.470071324
-982.13725174	626.924040986
-981.818585095	627.378010647
-980.864810134	625.901831731
-980.538991237	626.334065085
-980.21317234	626.766298438
-979.887353442	627.198531792
-978.611992494	623.652340019
-978.2754623	624.0396948
-977.938932106	624.427049582
-977.602401912	624.814404363
-975.56443892	619.913749575
-973.018745845	614.35187601
-972.638263365	614.612985425
-972.257780884	614.87409484
-971.877298403	615.135204255
-970.357363493	613.014272191
-969.963973786	613.248398869
-969.57058408	613.482525546
-969.177194374	613.716652223
-968.501863307	611.57004129
-968.105274291	611.777152712
-967.708685275	611.984264134
-967.312096258	612.191375556
-968.430753182	612.066649395
-968.051374714	612.269991721
-967.671996246	612.473334047
-967.292617778	612.676676374
-968.064631607	615.560307515
-967.698334551	615.794101638
-967.332037496	616.027895762
-966.96574044	616.261689885
-965.858996719	612.677682845
-965.484289618	612.868114113
-965.109582517	613.058545381
-964.734875417	613.248976649
-961.528017101	604.837107166
-961.121166677	604.929907158
-960.714316252	605.022707149
-960.307465828	605.115507141
-958.493808219	600.712313242
-958.071009514	600.754144367
-957.64821081	600.795975492
-957.595888455	599.996864713
-957.177286623	600.029169384
-956.758684791	600.061474054
-956.340082959	600.093778725
-957.493655392	602.935057943
-957.092848454	602.999156419
-956.692041515	603.063254894
-956.291234576	603.12735337
-956.37279406	601.281474617
-955.977440431	601.323980179
-955.582086801	601.36648574
-955.186733172	601.408991302
-952.898815296	595.608553769
-952.482096246	595.585097532
-952.065377195	595.561641295
-951.648658144	595.538185057
-952.414717196	597.075309605
-952.011329005	597.069442368
-951.607940814	597.06357513
-951.204552623	597.057707892
-954.846216915	599.626242627
-954.488339364	599.649339829
-954.130461812	599.672437032
-953.77258426	599.695534234
-956.865043902	601.523908064
-956.545913924	601.567278673
-956.226783946	601.610649282
-955.907653967	601.654019891
-957.820274084	605.385776452
-957.526159116	605.47048906
-957.232044147	605.555201668
-956.937929179	605.639914275
-958.553603643	608.200184673
-958.280853813	608.312591765
-958.008103983	608.424998858
-957.735354153	608.537405951
-959.06621518	610.07389989
-960.219778315	610.49628402
-961.302783718	610.435061435
-961.07843235	610.564499018
-960.854080981	610.693936601
-960.629729613	610.823374184
-963.346617638	614.224804767
-963.155218072	614.390899708
-962.963818505	614.556994649
-962.772418939	614.72308959
-966.670758742	621.736418433
-966.525276065	621.979389588
-966.379793388	622.222360744
-966.234310711	622.465331899
-969.273087608	627.516977747
-969.163406966	627.814014954
-969.053726324	628.11105216
-968.944045682	628.408089366
-969.768104832	631.183830601
-969.668931311	631.508759994
-969.569757791	631.833689387
-969.47058427	632.15861878
-970.03994432	636.242549306
-969.948295939	636.609790721
-969.856647558	636.977032136
-969.764999177	637.344273551
-972.1217048	642.345243867
-972.057611971	642.764636627
-971.993519141	643.184029387
-971.929426311	643.603422148
-973.294026354	646.542054862
-973.246005141	646.989786994
-973.197983928	647.437519127
-973.149962715	647.885251259
-973.728730124	648.227198049
-973.687754199	648.673741123
-973.646778274	649.120284197
-973.605802349	649.566827271
-974.078925869	650.012302202
-974.720210484	650.348644312
-975.216610478	650.450169153
-975.386562098	650.28404686
-975.212386689	649.757210942
-974.865976411	649.292844911
-974.669956128	649.182387119
-974.643038813	649.59016479
-974.616121498	649.997942461
-974.589204183	650.405720131
-975.765005452	652.495676729
-975.751876396	652.922739309
-975.73874734	653.349801889
-975.725618284	653.77686447
-974.078765317	652.221287357
-974.046743125	652.625421777
-974.014720932	653.029556197
-973.982698739	653.433690618
-971.868240916	652.218980699
-971.811982211	652.604274133
-971.755723506	652.989567568
-971.699464801	653.374861002
-972.802225883	657.181753794
-972.759515768	657.607044687
-972.716805653	658.03233558
-972.674095539	658.457626473
-972.451598903	660.052423245
-972.406781504	660.491421958
-972.361964105	660.93042067
-970.929489439	660.319690953
-970.868385058	660.746368966
-970.807280678	661.17304698
-970.746176298	661.599724993
-970.567464769	664.467334427
-970.504978609	664.922691228
-970.442492449	665.378048029
-970.380006288	665.83340483
-969.796411467	665.840914808
-969.727803722	666.291010648
-969.659195976	666.741106488
-969.590588231	667.191202328
-967.742821217	665.780928312
-967.653337067	666.209194835
-967.563852918	666.637461357
-967.474368768	667.065727879
-967.799324864	668.786077069
-967.714694313	669.229475448
-967.630063762	669.672873827
-967.54543321	670.116272206
-969.525515359	673.741574764
-969.465003268	674.222141816
-969.404491177	674.702708867
-969.343979086	675.183275919
-970.478695001	677.6666837
-970.432102231	678.170575324
-970.385509461	678.674466949
-970.338916691	679.178358573
-969.345390778	676.4712785
-969.287807761	676.937903108
-969.230224743	677.404527715
-969.172641726	677.871152322
-968.248848171	675.194203119
-967.207638962	672.402231634
-966.135843922	669.647142179
-966.045517487	670.003795127
-965.955191052	670.360448075
-965.864864617	670.717101023
-966.220111487	669.637020574
-966.134937645	669.977059193
-966.049763802	670.317097812
-965.96458996	670.657136431
-968.217680046	673.254070115
-968.159539368	673.620201176
-968.101398691	673.986332237
-968.043258013	674.352463299
-970.204572311	677.031702565
-972.481500452	679.71622201
-974.794292949	682.544164778
-974.815256873	682.991317118
-974.836220797	683.438469457
-974.85718472	683.885621796
-976.190301934	685.95683384
-976.226470881	686.422805525
-976.262639828	686.88877721
-976.298808776	687.354748895
-977.851999881	689.44377363
-979.383297152	691.40457889
-980.6422863	693.321852947
-980.72702289	693.840246512
-980.81175948	694.358640077
-980.896496069	694.877033642
-982.033672402	696.157852514
-982.130694691	696.685146283
-982.22771698	697.212440051
-982.324739268	697.73973382
-982.326092369	696.163094524
-982.421994845	696.665761667
-982.517897322	697.168428809
-982.613799799	697.671095951
-983.830739326	697.611275445
-983.939780464	698.107350178
-984.048821601	698.603424912
-984.157862738	699.099499646
-985.653594667	699.694266651
-985.778889605	700.191498185
-985.904184544	700.688729719
-986.029479482	701.185961254
-986.931836757	699.914637646
-987.066231867	700.391157644
-987.200626976	700.867677643
-987.335022086	701.344197641
-989.477617741	701.979683981
-989.635491433	702.458062511
-989.793365126	702.936441041
-989.951238818	703.41481957
-990.175172955	702.047335697
-990.333817195	702.504183565
-990.492461435	702.961031432
-990.651105675	703.417879299
-990.673531755	701.475546684
-990.830591578	701.904488554
-990.987651401	702.333430424
-991.144711223	702.762372294
-991.202449412	700.506311431
-991.04267779	698.158691741
-991.194927821	698.524687555
-990.547002492	695.795619218
-990.689980793	696.125752142
-990.832959093	696.455885066
-990.975937394	696.786017989
-991.684881948	697.035996492
-991.834417864	697.365200699
-991.983953781	697.694404907
-992.133489697	698.023609115
-994.599428518	700.445018765
-994.775781411	700.798444417
-994.952134305	701.151870069
-995.128487198	701.505295722
-995.35640367	699.421421315
-995.53335264	699.746671733
-995.710301609	700.07192215
-995.887250578	700.397172568
-995.156535288	695.702482925
-995.323012384	695.969817456
-995.489489479	696.237151987
-995.655966574	696.504486519
-994.921382587	691.758946392
-994.131355342	687.340569211
-993.499284179	683.395848931
-993.198353535	680.045577979
-992.992942505	677.138857693
-993.120296454	677.173862854
-993.247650402	677.208868014
-992.780519249	674.755351885
-992.900983061	674.761514855
-993.021446872	674.767677825
-993.141910684	674.773840795
-993.895940699	673.883425368
-994.023784384	673.87914486
-994.151628068	673.874864352
-994.279471753	673.870583844
-995.313534284	673.008512035
-996.445283461	672.483482257
-997.479574187	671.882299641
-998.429913927	671.213386576
-999.079066694	670.198252962
-999.254386851	670.152103704
-999.744188304	669.140205835
-1000.03672389	667.930458712
-1000.31159872	666.859720149
-1000.77661567	666.067346044
-1001.3641404	665.576268437
-1001.81964153	665.212462767
-1002.10718815	665.012266906
-1002.38026356	665.055112123
-1002.68558943	665.36746953
-1002.9763012	665.884844438
-1003.17382775	665.798305982
-1003.37135429	665.711767525
-1003.56888083	665.625229068
-1003.91799933	666.122881132
-1004.47895344	666.775479316
-1005.05651676	667.437381697
-1005.26518232	667.376551366
-1005.47384787	667.315721035
-1005.9283397	667.751634836
-1006.14013826	667.697135419
-1006.35193683	667.642636002
-1006.56373539	667.588136585
-1007.07883909	669.164382625
-1007.29454521	669.130892511
-1007.51025133	669.097402398
-1007.72595745	669.063912284
-1007.94465438	670.566912728
-1008.16039927	670.553341227
-1008.37614416	670.539769726
-1008.59188905	670.526198225
-1010.00202791	674.14479966
-1010.23329495	674.178431292
-1010.464562	674.212062924
-1010.69582904	674.245694555
-1010.8184989	675.3342878
-1011.04835543	675.381621814
-1011.27821195	675.428955829
-1011.50806848	675.476289843
-1011.16496413	675.845843352
-1011.38740101	675.897349996
-1011.6098379	675.94885664
-1011.83227478	676.000363285
-1012.84761347	678.314951148
-1013.08026782	678.395620259
-1013.31292218	678.476289369
-1013.54557654	678.556958479
-1014.23729447	679.868428486
-1014.4758267	679.964856827
-1014.71435893	680.061285169
-1014.76324996	680.468695848
-1014.44314925	680.224880546
-1013.79746495	679.288254567
-1014.01539572	679.371147898
-1013.03912022	677.951699258
-1013.24190297	678.015536005
-1013.44468573	678.079372752
-1013.64746849	678.143209499
-1013.85943257	677.397301453
-1014.06233137	677.450903781
-1014.26523017	677.504506109
-1014.46812897	677.558108436
-1015.00948729	676.048544868
-1015.21664259	676.08248867
-1015.42379789	676.116432471
-1015.63095318	676.150376273
-1017.35775265	676.041007545
-1017.58390346	676.073159944
-1017.81005428	676.105312342
-1018.0362051	676.13746474
-1018.44738799	675.347096207
-1018.67583586	675.369037523
-1018.90428374	675.390978839
-1019.13273161	675.412920156
-1019.4055382	675.126911491
-1019.65881472	675.467625622
-1020.02274922	676.542333567
-1020.25369695	676.57738323
-1020.48464468	676.612432892
-1020.71559242	676.647482555
-1021.08146736	677.886122735
-1021.67277455	679.327859422
-1021.90976025	679.394662029
-1022.14674595	679.461464637
-1022.38373165	679.528267244
-1022.32019226	680.141714931
-1022.55351399	680.215182175
-1022.78683571	680.288649419
-1023.02015744	680.362116664
-1022.43378724	680.674024197
-1021.58872629	680.766397694
-1020.88653889	680.790973708
-1020.48651897	680.755959333
-1020.3526838	680.897656325
-1020.45522146	681.363303464
-1020.55386835	682.011807348
-1020.75346126	682.87794647
-1020.99354071	683.992822498
-1021.22095423	685.335026821
-1021.34023711	686.596351858
-1021.52671519	686.734429417
-1021.71319328	686.872506976
-1021.89967136	687.010584535
-1022.33492711	688.862482369
-1022.52449293	689.021831239
-1022.71405876	689.181180109
-1022.90362458	689.340528979
-1023.82984882	691.592241122
-1024.95440101	693.901266199
-1026.10972683	696.064287215
-1027.14745796	698.194271278
-1027.98284171	700.10502746
-1028.58611999	701.629168937
-1029.02132153	702.843580693
-1029.30111037	703.727378556
-1029.30483018	704.216848699
-1029.13742783	704.339202591
-1028.97928365	704.245590787
-1028.70450211	703.824427758
-1028.93191382	704.125133451
-1029.15932554	704.425839144
-1029.38673725	704.726544837
-1028.08516725	702.287372937
-1028.29261751	702.552308445
-1028.50006776	702.817243954
-1028.70751801	703.082179462
-1028.12394698	702.021474235
-1028.3209883	702.268965831
-1028.49369262	702.680114011
-1028.69041285	702.929764835
-1029.45876255	704.775474063
-1029.66304201	705.046231187
-1029.86732147	705.316988311
-1030.07160093	705.587745435
-1029.21523265	704.76880987
-1029.40545292	705.0251228
-1029.59567318	705.28143573
-1029.78589345	705.537748659
-1028.92700426	704.96458597
-1028.432857	704.7898274
-1028.12107708	704.778525604
-1027.87835788	704.819205399
-1027.79409131	704.95516703
-1027.94667218	705.187721798
-1028.09925305	705.420276566
-1028.25183393	705.652831334
-1028.0819705	704.582129603
-1028.23027558	704.79740245
-1028.37858066	705.012675296
-1028.52688574	705.227948143
-1027.79121906	704.147456682
-1027.92782556	704.345581248
-1028.06443207	704.543705813
-1028.20103857	704.741830379
-1027.53986911	703.107108316
-1027.66596382	703.281082608
-1027.79205853	703.455056901
-1027.91815324	703.629031193
-1027.22670726	702.35917836
-1027.34209663	702.514246362
-1026.91091646	701.705956934
-1026.51411824	701.184964252
-1026.2018577	701.029723593
-1025.91252198	700.887173121
-1025.43773741	700.550031086
-1025.52163934	700.670534877
-1025.11177846	700.030720788
-1024.72873756	699.282295866
-1024.41863628	698.77601584
-1024.175099	698.443606858
-1023.85224695	698.177419317
-1023.59313818	698.155368113
-1023.48267869	698.179963228
-1023.46625555	698.115669267
-1023.51655149	698.193147712
-1023.56684742	698.270626157
-1023.61714336	698.348104602
-1023.49625203	698.825816255
-1023.54429239	698.9085682
-1023.59233275	698.991320146
-1023.64037311	699.074072092
-1023.75309605	699.642252896
-1023.85972892	700.033530472
-1023.81935376	700.497924262
-1023.55066865	700.845532818
-1023.25111214	700.904019539
-1022.92254593	700.649221779
-1022.95738816	700.745295038
-1022.99223039	700.841368297
-1023.02707263	700.937441556
-1022.30577349	700.890707058
-1022.33055762	700.984880705
-1022.35534175	701.079054353
-1022.38012588	701.173228
-1021.93692045	701.4033761
-1021.95547843	701.499358756
-1021.97403641	701.595341412
-1021.99259439	701.691324068
-1021.22395443	701.536256179
-1021.23206747	701.628907767
-1021.2401805	701.721559355
-1021.24829353	701.814210943
-1020.69139033	701.856904287
-1020.22672086	701.898097768
-1019.68870431	701.885769748
-1019.67620521	701.975726294
-1019.66370611	702.065682839
-1019.65120702	702.155639384
-1019.11132394	702.560449386
-1019.09190421	702.654537617
-1019.07248448	702.748625848
-1019.05306475	702.842714079
-1019.2035451	703.914108989
-1019.62019246	705.57447431
-1019.60864159	705.701552588
-1019.59709072	705.828630866
-1019.58553986	705.955709144
-1020.17903894	708.225194276
-1020.17532573	708.380024748
-1020.17161253	708.534855219
-1020.16789932	708.689685691
-1021.06112716	710.546735482
-1021.06895122	710.723461434
-1021.07677528	710.900187385
-1021.08459934	711.076913337
-1021.77719863	713.623347402
-1021.79376051	713.830311114
-1021.81032238	714.037274825
-1021.82688426	714.244238536
-1021.07383515	716.37134264
-1021.08066202	716.602594696
-1021.08748889	716.833846751
-1021.09431576	717.065098807
-1021.63077431	719.55623726
-1021.64423932	719.815813614
-1021.65770433	720.075389967
-1021.67116934	720.33496632
-1022.87904235	722.347002435
-1022.90733654	722.628336451
-1022.93563072	722.909670468
-1022.9639249	723.191004485
-1023.84189431	724.854123382
-1024.56487687	726.088777688
-1025.22040403	727.150422395
-1025.63152707	727.876145909
-1026.06899303	728.308124482
-1026.70405549	728.712594791
-1027.29148055	729.14875955
-1027.72844898	729.450531334
-1028.03062317	729.631433087
-1028.05751256	729.395411084
-1027.93418106	728.879940503
-1028.01495319	729.188314425
-1028.09572532	729.496688346
-1028.17649744	729.805062268
-1028.19162833	730.316351218
-1028.27158773	730.627237495
-1028.35154713	730.938123772
-1028.43150654	731.249010049
-1026.35747183	728.258432884
-1026.41066194	728.528289412
-1026.46385205	728.798145941
-1026.51704216	729.068002469
-1024.83383114	726.421848549
-1024.86541312	726.65541765
-1023.43804332	724.529098594
-1022.11633169	723.055150546
-1020.99385301	721.953490168
-1020.04999977	721.289747089
-1019.21701048	720.972437305
-1018.53314056	720.970529325
-1018.03289601	721.448460459
-1017.74767632	722.367824737
-1017.70629493	723.649473939
-1017.84581924	725.177964672
-1018.15348954	726.805154798
-1018.44561354	728.43934577
-1018.68116971	729.869567596
-1018.86400655	731.109861173
-1019.20243137	732.377606258
-1019.56646242	733.712325476
-1019.79588082	734.991705951
-1019.85909491	736.062682725
-1019.84241517	736.898218655
-1019.90278461	737.510797959
-1020.07416934	737.987206001
-1020.35134826	738.44603768
-1020.33599804	738.768945075
-1020.32064782	739.091852469
-1020.3052976	739.414759864
-1020.43789976	739.947522686
-1020.42454472	740.27326004
-1020.41118969	740.598997395
-1020.39783465	740.92473475
-1020.87877765	741.665362901
-1020.87214769	741.996744979
-1020.86551774	742.328127057
-1020.85888778	742.659509135
-1020.94957368	742.356953138
-1020.94427279	742.679677365
-1020.93897191	743.002401591
-1020.93367102	743.325125818
-1021.6535022	742.750657485
-1021.65810211	743.061131645
-1021.66270201	743.371605804
-1021.66730191	743.682079964
-1022.45249278	742.770721477
-1022.46771363	743.064571022
-1022.48293448	743.358420568
-1022.49815534	743.652270113
-1022.27093347	743.626714985
-1022.28287535	743.916244667
-1022.29481723	744.205774349
-1022.30675911	744.495304031
-1022.18780192	744.00662993
-1022.0227079	743.447918017
-1021.97562268	743.144682829
-1021.77603039	743.020614667
-1021.33604401	742.806319579
-1021.02150406	742.558380906
-1020.62866509	742.13416288
-1020.25779685	741.830361452
-1020.04574608	741.776219417
-1019.93541361	741.817203943
-1020.05318904	741.946498103
-1020.3837982	742.026860539
-1020.69871783	741.975382104
-1021.04147702	742.011590459
-1021.36901458	742.254936634
-1021.55941645	742.693307155
-1021.66101076	743.356240866
-1021.71860852	744.191848107
-1021.72370017	744.420678832
-1021.72879183	744.649509558
-1021.73388348	744.878340284
-1021.53727487	745.570791621
-1021.13987243	746.149296003
-1020.63571303	746.620755254
-1020.23400623	747.154180842
-1020.0493417	747.826664073
-1019.9908517	748.670722864
-1019.97375718	749.560479839
-1020.07334552	750.416668015
-1020.20758185	751.164755597
-1020.33710403	751.847864121
-1020.38734697	752.24459066
-1020.43594116	752.441716638
-1020.44628437	752.557844593
-1020.38361047	752.596267544
-1020.28689819	752.704220277
-1020.12170168	752.771653312
-1019.96151001	752.941894083
-1019.84128032	753.211082193
-1019.68965195	753.57563545
-1019.47299003	753.962828204
-1019.2279332	754.440853222
-1018.92111595	754.903981212
-1018.4863854	755.14848196
-1018.02924601	755.215136226
-1017.61761801	755.311380614
-1017.38399531	755.536743454
-1017.35641018	755.85408321
-1017.30696142	756.132494605
-1017.25751265	756.410906
-1017.20806389	756.689317395
-1017.04464678	756.716320958
-1016.99353602	756.991066074
-1016.61296767	756.924439392
-1016.17120278	756.67542468
-1015.70671449	756.359574325
-1015.22023467	755.943200821
-1014.67670508	755.465505367
-1014.14902889	755.10598996
-1013.77764276	754.89572494
-1013.4520801	754.72444903
-1013.17078648	754.451451612
-1012.9323019	754.183826327
-1012.73525294	753.817992624
-1012.61260503	753.45966866
-1012.52802289	753.176714322
-1012.58213175	753.034668329
-1012.66965772	752.928133379
-1012.68885904	752.856068133
-1012.64165276	752.750569419
-1012.59649943	752.612526986
-1012.58653529	752.50916486
-1012.57777807	752.406489805
-1012.63608262	752.370349483
-1012.6612755	752.202090051
-1012.65418842	751.872282095
-1012.64822797	751.417487976
-1012.57834488	750.905735342
-1012.44605743	750.370784936
-1012.31747714	749.942482159
-1012.19251886	749.457172246
-1012.19973545	748.916153582
-1012.40033611	748.384843266
-1012.63002769	747.927057413
-1012.55458751	747.987933806
-1012.47914733	748.048810198
-1012.40370716	748.109686591
-1012.8398168	748.164616074
-1012.77211903	748.225402459
-1012.70442125	748.286188843
-1012.63672348	748.346975228
-1012.77463347	747.673015625
-1012.71003586	747.72272348
-1012.64543824	747.772431335
-1012.58084063	747.822139189
-1012.69983557	747.017225412
-1012.63798466	747.054147389
-1012.57613375	747.091069365
-1012.51428284	747.127991341
-1013.04975745	746.540368445
-1012.9967467	746.56804743
-1012.94373594	746.595726415
-1012.89072519	746.623405399
-1013.27066012	746.100535432
-1013.22397349	746.120172444
-1013.17728686	746.139809456
-1013.13060023	746.159446468
-1013.73479205	746.72438035
-1013.69747432	746.751866495
-1013.66015659	746.779352641
-1013.62283885	746.806838786
-1013.82157628	746.468873489
-1013.78760322	746.491181541
-1013.713274	745.575659283
-1013.67873362	745.584783432
-1013.64419323	745.593907582
-1013.60965285	745.603031731
-1013.0907043	745.408105169
-1013.04946004	745.414405395
-1013.00821578	745.420705622
-1012.96697152	745.427005848
-1012.57427202	744.636575882
-1012.52824122	744.63202529
-1012.48221042	744.627474699
-1012.43617962	744.622924107
-1011.93207063	744.146148821
-1011.34839535	743.648333993
-1010.86700199	743.015294651
-1010.53256129	742.260567993
-1010.27531138	741.450051525
-1010.03454263	740.641190638
-1009.86013109	739.884540643
-1009.74606955	739.325628448
-1009.63805508	738.652364768
-1009.48755186	737.873490631
-1009.34479779	737.090570095
-1009.20914548	736.257259953
-1008.98982812	735.376572109
-1008.78109495	734.583922786
-1008.62558204	733.916263158
-1008.47704832	733.365013544
-1008.29299382	732.754484636
-1008.11685684	732.253342132
-1007.9073777	731.773444848
-1007.62622362	731.192927191
-1007.19802504	730.675417681
-1006.78668674	730.295481844
-1006.46830897	730.007317272
-1006.35246868	729.806270836
-1006.27865024	729.537402761
-1006.05859149	729.203841725
-1005.69888549	728.919052355
-1005.24206616	728.571336063
-1004.80056206	728.163306117
-1004.3735854	727.661553081
-1003.92491619	727.140715347
-1003.45526781	726.495804363
-1003.03513456	725.76628385
-1002.55862329	724.989733835
-1002.06203628	724.236431626
-1001.61426577	723.573687259
-1001.14568723	722.998266532
-1000.5220293	722.338584968
-999.848700762	721.798313133
-999.260404068	721.37360872
-998.688142968	721.060880388
-998.065403821	720.955669405
-997.459167009	720.986350403
-996.966833353	721.018507503
-996.585185545	721.052153232
-996.24644837	720.990176927
-995.91721945	720.83513299
-995.565109357	720.589434389
-995.190674225	720.22335464
-994.826346617	719.963168385
-994.535470683	719.869923164
-994.25288784	719.812857889
-993.788682597	719.791150356
-993.14694961	719.7724776
-992.457438712	719.85115965
-991.815326256	720.025091119
-991.219587251	720.292250824
-990.66924284	720.556931987
-990.100966619	720.725604621
-989.546262161	720.675650364
-989.067040933	720.41141452
-988.599750703	719.99917234
-988.113172831	719.53477164
-987.607683691	719.143037308
-987.114568476	718.791704495
-986.63361423	718.541805518
-986.16461588	718.422351694
-985.73819752	718.307707596
-985.415209046	718.136189641
-985.163073159	717.81647884
-985.01130865	717.443399609
-984.988909711	717.017886364
-985.001521246	716.632985986
-984.956436781	716.318733845
-984.946622015	716.043290281
-984.910126242	715.775358765
-984.8166974	715.33089882
-984.667233719	714.651524327
-984.46262097	713.863638782
-984.210170777	713.631602372
-983.957720584	713.399565961
-983.705270392	713.16752955
-983.303645419	712.502138713
-983.04889298	712.263414249
-982.79414054	712.024689786
-982.539388101	711.785965323
-982.274243045	711.271676012
-982.018629542	710.809970802
-981.808292807	710.507265747
-981.641745018	710.465877161
-981.553220366	710.534763744
-981.469342802	710.639530189
-981.425233931	710.67329488
-981.384601887	710.673337676
-981.452037502	710.605798252
-981.415974365	710.437981987
-981.348586466	710.20740487
-981.25078819	710.01908258
-981.089209211	709.940294152
-980.831553871	709.865673418
-980.548389877	709.625355549
-980.240414725	709.359119981
-979.874619865	709.033988161
-979.58673538	708.718622499
-979.408142306	708.546461399
-979.336014227	708.547104923
-979.201696589	708.682955409
-978.841373729	708.818301674
-978.425499125	709.019084003
-978.086895913	709.283687802
-977.987520676	709.545025946
-977.754282974	709.357485515
-977.521045271	709.169945083
-977.287807568	708.982404652
-977.266586006	708.802179435
-977.036550114	708.614749476
-976.806514222	708.427319517
-976.57647833	708.239889558
-976.4490584	708.011759839
-976.220562356	707.823719143
-975.992066312	707.635678446
-975.763570268	707.447637749
-976.097379181	707.791645417
-975.877239997	707.611511912
-975.657100812	707.431378407
-975.436961627	707.251244902
-976.060025744	707.202593333
-976.74248695	706.890758814
-977.350718189	706.288037543
-977.760860174	705.411243359
-978.153614796	704.233330729
-978.530226527	702.728746704
-978.371953713	702.499362041
-978.213680899	702.269977378
-978.055408084	702.040592715
-977.946456315	700.075537958
-977.788891751	699.821229059
-977.631327187	699.56692016
-977.473762623	699.312611261
-977.157877876	697.623274698
-976.998065123	697.348588023
-976.605562917	695.916098383
-976.280197123	694.699996314
-976.155745979	693.684035238
-976.218334413	692.944615184
-976.500221654	692.596742109
-976.812106431	692.483502866
-977.109271078	692.504047287
-977.520354359	692.60799806
-977.955291697	692.832573671
-978.413061998	693.047430864
-978.974140515	693.253397557
-979.553028209	693.210206833
-980.030167692	693.129255594
-980.332614548	693.090921352
-980.469125465	693.13196186
-980.447711791	693.248742067
-980.365339929	692.982591444
-980.282968068	692.716440822
-980.200596206	692.4502902
-980.236550757	692.340819738
-980.155828323	692.076853181
-980.07510589	691.812886624
-979.994383456	691.548920068
-979.917450042	692.67678063
-979.836780283	692.43216296
-979.756110523	692.187545289
-979.675440764	691.942927619
-980.501831254	693.067961309
-980.433702099	692.842279818
-980.365572944	692.616598328
-980.297443789	692.390916837
-980.912357096	693.347468177
-980.853599151	693.13800669
-980.794841205	692.928545203
-981.107213289	693.857466411
-981.400029186	694.528325819
-981.675236025	694.76809084
-981.88681916	694.706535921
-981.845705955	694.531636688
-981.80459275	694.356737455
-982.119507344	694.271289518
-982.4640976	693.900452094
-982.6951287	693.407404942
-982.86743945	692.939415448
-983.075940752	692.313383432
-983.185024139	691.628739788
-983.157774222	690.932657748
-983.217557867	690.096743515
-983.23233385	688.91810543
-983.204834084	687.4166925
-983.137513284	685.897182205
-983.113353639	684.4405408
-983.249514932	683.28163055
-983.576942229	682.325548311
-983.969535133	681.445020396
-984.462655462	680.520854029
-984.899982151	679.554821912
-985.321867952	678.586070194
-985.617823166	677.651536859
-985.793526736	676.749431471
-985.854194271	676.060155974
-985.768549898	675.646868147
-985.613979297	675.534153812
-985.428581446	675.781222837
-985.213458381	676.128327973
-985.039445878	676.43237421
-984.904994458	676.729788371
-984.70543832	677.055415702
-984.442946597	677.169230681
-984.119543879	677.180317158
-983.770879321	677.125860802
-983.758733212	676.834652503
-983.746587103	676.543444203
-983.734440995	676.252235904
-983.695972288	676.108219906
-983.683450703	675.819111218
-983.670929118	675.53000253
-983.658407533	675.240893842
-982.874707294	676.131296322
-982.851154557	675.859059688
-982.827601819	675.586823054
-982.804049082	675.314586419
-982.410344377	675.75721912
-982.381505939	675.495190686
-982.3526675	675.233162253
-982.323829061	674.971133819
-981.830534546	675.804983373
-981.271924586	676.864404462
-981.229068397	676.636464251
-981.186212207	676.40852404
-981.143356018	676.180583828
-980.338672581	676.144152353
-980.285087453	675.918909191
-980.231502324	675.693666029
-980.177917196	675.468422867
-978.861249981	675.783960131
-978.790041505	675.566262292
-978.718833029	675.348564452
-978.647624553	675.130866612
-977.960670288	676.034770437
-977.880964415	675.832550891
-977.801258543	675.630331344
-977.72155267	675.428111798
-977.381744465	675.437371491
-977.298492649	675.238035016
-977.215240833	675.03869854
-977.131989018	674.839362064
-976.869537677	675.777971558
-976.783874449	675.593947941
-976.698211221	675.409924323
-976.612547993	675.225900706
-976.371741012	675.65327836
-976.326481229	675.626982513
-976.282983727	675.19744773
-976.19639901	675.020147569
-976.109814294	674.842847409
-976.023229578	674.665547248
-975.460942767	674.339107952
-975.368145705	674.159860136
-975.275348643	673.98061232
-975.182551581	673.801364504
-974.086476807	672.71035363
-973.980721463	672.519329531
-973.87496612	672.328305431
-973.769210776	672.137281331
-972.327822395	672.27291827
-972.205010525	672.086065752
-972.082198656	671.899213234
-971.959386787	671.712360717
-970.445262636	670.288511851
-970.304885326	670.086042144
-970.164508015	669.883572438
-970.024130705	669.681102731
-968.447942289	669.033210544
-968.289643041	668.825181029
-967.044202754	669.182097544
-966.872405264	668.981082554
-966.700607775	668.780067565
-966.528810286	668.579052575
-965.570597745	668.836574615
-964.700703951	669.261350928
-963.905996905	669.831987676
-963.237064749	670.28650049
-962.677998378	670.462907247
-962.215695813	670.678579444
-961.728879578	671.260972177
-961.166175232	671.851931115
-960.947977372	671.708302595
-960.729779511	671.564674074
-960.511581651	671.421045554
-960.221271228	670.314115335
-960.00218923	670.158676229
-959.783107231	670.003237124
-959.564025233	669.847798018
-958.629666502	669.362538693
-958.401811275	669.203054177
-958.173956048	669.043569661
-957.946100821	668.884085144
-957.014286443	669.341882572
-956.777806874	669.189960498
-956.541327306	669.038038425
-956.304847737	668.886116351
-955.691296366	668.626436187
-955.183807095	667.965968778
-954.939465235	667.806534043
-954.695123374	667.647099307
-954.450781513	667.487664571
-954.565163149	667.307906624
-954.325195308	667.148224081
-954.085227467	666.988541538
-953.845259627	666.828858996
-954.269446109	667.840396986
-954.037552981	667.69495401
-953.805659853	667.549511034
-953.573766725	667.404068057
-953.9113885	668.886065136
-954.021870735	670.353853984
-954.116791957	671.690438373
-954.198525444	672.855273224
-954.269026951	673.926438457
-954.220247361	675.025398415
-954.117888873	676.09769423
-954.122414098	677.095730227
-954.324661346	677.87687533
-954.609365915	678.559569665
-954.874359026	679.440023279
-955.075045189	680.362782775
-955.262611198	681.188382581
-955.393680761	681.790751909
-955.560390956	682.230542533
-955.803611688	682.562529194
-956.118582245	682.836481442
-956.459551979	683.014817781
-956.907045322	683.103602938
-957.495387874	683.188686992
-958.177388361	683.309937789
-958.870312966	683.465391197
-959.420008488	683.730366256
-959.796339123	684.023226175
-960.083500119	684.305149121
-960.360362506	684.651106398
-960.66438007	685.168488645
-961.030912315	685.886157368
-961.457483554	686.615781334
-961.83489682	687.178990805
-962.094761303	687.618183056
-962.241908317	688.008493629
-962.211304255	688.351941919
-962.07851283	688.719313954
-961.94982772	688.938797223
-961.791101788	689.049587079
-961.603316202	689.122874651
-961.555086198	689.126339623
-961.541925265	689.162206621
-961.430129821	689.16312961
-961.255643591	689.130129402
-961.053092918	689.228260595
-960.855908153	689.323115727
-960.631385568	689.317214101
-960.347839843	689.245639406
-960.103566316	689.11008239
-959.96181587	688.944282685
-959.884274478	689.038494576
-959.806733086	689.132706467
-959.729191695	689.226918358
-959.628923367	689.309930521
-959.551047825	689.403977744
-959.473172283	689.498024968
-959.39529674	689.592072191
-959.229913591	689.546928709
-959.18253927	689.390380433
-959.211369871	689.275287607
-959.276649797	689.126318482
-959.340486113	689.200559722
-959.257829062	689.489762458
-959.106022119	689.806072776
-958.851702151	690.112802233
-958.533918343	690.445879754
-958.296080197	690.698477295
-958.170636248	690.697697238
-958.119034587	690.591362386
-958.069505218	690.556377689
-958.194662349	690.521444493
-958.489233181	690.34911278
-958.777282128	689.975058745
-958.708861276	690.05344961
-958.640440425	690.131840474
-958.572019574	690.210231339
-958.29939699	689.610053775
-958.22792335	689.678300129
-958.156449709	689.746546483
-958.084976068	689.814792837
-957.491243099	689.606808296
-957.411992693	689.670941401
-957.332742287	689.735074506
-957.253491881	689.799207611
-956.258732173	688.918036875
-956.165955459	688.968203469
-956.073178745	689.018370063
-955.980402031	689.068536657
-955.104413976	687.675485458
-955.000189024	687.704556468
-954.895964072	687.733627478
-954.791739121	687.762698489
-953.91075284	686.514699789
-953.126371197	685.287594814
-952.430868959	684.268932511
-951.817429959	683.442985812
-951.234229677	682.79582066
-950.768910663	682.270054518
-950.413633925	681.724780424
-950.117845917	681.204426223
-949.792117091	680.750056869
-949.39586427	680.357561986
-949.016244	680.10651402
-948.693292806	679.989006142
-948.464431365	679.957321307
-948.284700595	680.047051913
-948.112060215	680.291697127
-948.024350439	680.449229567
-947.978892538	680.369264725
-947.935529069	680.17756818
-947.856359413	679.992704423
-947.742991349	679.814325911
-947.634036957	679.716372301
-947.56612392	679.695481125
-947.501147106	679.785011683
-947.366691031	680.052978733
-947.129569362	680.45673135
-946.829217836	680.920109101
-946.467915646	681.299741241
-946.117954334	681.388251939
-945.813731357	681.300379959
-945.588266515	681.249822847
-945.507717611	681.304130933
-945.567386513	681.459911636
-945.694871268	681.645989006
-945.820506554	681.827658035
-945.978030436	681.937835373
-946.133089858	681.911753923
-946.319103339	681.753379359
-946.46895151	681.599035121
-946.517687851	681.382596864
-946.402379992	680.941444631
-946.160145421	680.150638537
-945.761700228	679.18227333
-945.146072587	678.138273712
-944.286330612	676.988099007
-943.285243844	675.766560827
-942.306986561	674.475324247
-941.350975066	673.276302311
-940.416658562	672.327146879
-939.503516678	671.653972614
-938.547454822	671.250532133
-937.454249669	671.015658812
-936.19524928	670.755769695
-934.900349423	670.439823696
-933.633357376	670.132039106
-932.456621752	669.800797101
-931.399712453	669.383798111
-930.428896646	668.945466443
-929.605061143	668.486241507
-928.925339318	668.069025992
-928.386951815	667.599444401
-927.956051823	667.078523088
-927.537286239	666.662799061
-927.130434863	666.319250245
-926.797350355	666.015518962
-926.536680023	665.781885346
-926.285164637	665.617080947
-926.011690341	665.581744154
-925.685727494	665.704464903
-925.21553857	665.982418208
-924.66538456	666.351105128
-924.32424934	666.166343011
-923.98311412	665.981580895
-923.6419789	665.796818778
-923.256991996	665.490293555
-922.915185312	665.303666982
-922.573378628	665.117040409
-922.231571944	664.930413836
-921.636927037	664.643096707
-921.291265745	664.454935071
-920.647347569	664.256759469
-919.988062032	663.954137177
-919.424871715	663.476980044
-918.954236812	662.794905156
-918.572824297	662.061039665
-918.277492088	661.204699919
-917.993307921	660.230036923
-917.719902359	659.140976442
-917.350307146	658.047854098
-916.852339162	656.91538552
-916.230112717	655.709623459
-915.557398208	654.432799859
-914.939978177	653.191279284
-914.445278676	651.983911356
-914.138393963	650.84400114
-913.945330707	649.803731573
-913.794662268	648.928301017
-913.651277436	648.246885421
-913.413692702	647.821543274
-913.118138413	647.611569631
-912.766194893	647.443694231
-912.359373639	647.250093749
-911.93234484	646.965004625
-911.518733361	646.524604325
-911.151178361	645.899884996
-910.762777638	644.996884014
-910.452334535	643.756995911
-910.15262377	642.221138145
-909.830827932	640.494146393
-909.51993356	638.613058731
-909.252052454	636.775744466
-909.02618521	635.078072515
-908.905757977	633.710067829
-908.856267747	632.760670735
-908.876120562	632.188541979
-908.931811064	631.921465296
-908.926868803	631.825242492
-908.862574212	631.705255576
-908.676656422	631.593739165
-908.435038888	631.39541063
-908.170501403	631.143678946
-907.851933226	630.871194626
-907.543468786	630.578360697
-907.307839941	630.234100963
-907.175012073	629.870840917
-907.111579206	629.551682961
-907.11616652	629.307079545
-907.093588394	629.198134393
-907.075568975	629.097266064
-907.030788487	629.066680148
-906.928554021	629.167335335
-906.832158929	629.303350714
-906.648193163	629.536186717
-906.409298811	629.863989936
-906.147491428	630.222882074
-905.925178238	630.426197481
-905.834562934	630.383703752
-905.811395816	630.099696155
-905.82353188	629.609321379
-905.839412476	628.977990346
-905.828051092	628.269935221
-905.85158225	627.548237613
-905.878526838	626.782352475
-905.877962667	626.003909574
-905.850310471	625.336376282
-905.70364425	624.870275807
-905.470700785	624.633014396
-905.183662677	624.528503589
-904.874168492	624.585225948
-904.573322102	624.800439098
-904.373121975	625.017876234
-904.364009931	625.237386659
-904.450766137	625.3667587
-904.66244918	625.346001844
-904.96628399	625.177474361
-905.330021117	624.863517721
-905.599326503	624.559711902
-905.806254309	624.204599016
-905.951713412	623.768362209
-906.067237896	623.19105034
-906.183859891	622.50556967
-906.332114219	621.805551467
-906.542042704	621.152520852
-906.781984385	620.637620832
-907.020776336	620.289316708
-907.227750081	620.135591887
-907.342134044	620.112168632
-907.395904216	620.063985223
-907.42054654	619.869009211
-907.47764391	619.529488173
-907.627809797	619.017082175
-907.93069306	618.303928704
-908.383828978	617.423793669
-908.954186511	616.440526069
-909.578651793	615.447576357
-910.225651198	614.292377263
-910.864097212	613.008174456
-911.402250557	611.658293272
-911.810946676	610.305092654
-912.092066869	609.040533331
-912.278057738	607.863441828
-912.370324315	606.803204962
-912.492524503	605.827602801
-912.674721314	604.87432744
-912.88537909	603.973707394
-913.062879199	603.125030775
-913.177117734	602.297022573
-913.229028127	601.581123678
-913.250104473	600.853425322
-913.210245956	600.022479146
-913.2020655	599.181618241
-913.255631884	598.514426048
-913.400539349	598.048838524
-913.604790217	597.690080578
-913.806304254	597.405920116
-914.005069772	597.164601203
-914.170518107	596.965402973
-914.303115197	596.746489692
-914.372769885	596.53865211
-914.410983076	596.341650282
-914.44878172	596.185804575
-914.486160564	596.100963047
-914.55367264	596.116501708
-914.650838973	596.16965153
-914.746623451	596.198596219
-914.841022857	596.173030065
-914.964592129	596.063125646
-915.116855025	595.839533448
-915.297336209	595.534495415
-915.56667521	595.149223642
-915.86233653	594.715488036
-916.244962068	594.325697117
-916.652021103	593.948609928
-917.052491407	593.492348823
-917.476940022	592.988684456
-917.863795437	592.530023281
-918.18299435	592.054570404
-918.527170494	591.532035856
-918.956979675	590.96315911
-919.440467027	590.379233217
-919.976709471	589.841628818
-920.534233685	589.50242502
-921.14315115	589.450217426
-921.802548979	589.741623566
-922.419861808	590.310104371
-922.934506671	591.120628804
-923.347957984	592.077546276
-923.692243968	593.02554046
-923.998919491	593.842233294
-924.237965954	594.468258519
-924.349292528	594.936857562
-924.42650424	595.189157
-924.500682481	595.289433342
-924.602432578	595.362110998
-924.73133668	595.49916722
-924.91752337	595.791154752
-925.221191572	596.20501841
-925.671043864	596.738728612
-926.26476376	597.237536897
-926.908404684	597.701800844
-927.509450994	598.131883514
-928.007361188	598.405980896
-928.434175898	598.434739211
-928.760378687	598.221860759
-929.018013166	597.801590333
-929.208107606	597.238237073
-929.331690817	596.534076627
-929.389791636	595.752460523
-929.413977232	595.016862602
-929.374261801	594.448849799
-929.271671631	594.076470209
-929.107231369	593.896757366
-928.851427209	593.90674438
-928.536289906	593.950786569
-928.223906621	593.997759896
-927.944875438	593.955948882
-927.668247762	593.918270323
-927.394080899	593.854082368
-927.152962029	593.733219976
-927.005532328	593.495462357
-926.919884935	593.112071587
-926.895117775	592.676908836
-926.899797086	592.251877416
-926.964023496	591.897928528
-927.056363091	591.675061636
-927.084799318	591.642325278
-927.111382558	591.76623334
-927.075101259	592.044304596
-926.976947912	592.474060896
-926.848440638	592.930921202
-926.751147337	593.322735566
-926.623581468	593.680886617
-926.496780713	594.005760995
-926.34025678	594.267224439
-926.185043251	594.405096686
-926.000649531	594.329625964
-925.696011211	594.044056475
-925.181485751	593.704247185
-924.551986344	593.372115186
-923.962042041	593.108627079
-923.472239259	593.034842664
-923.111689831	593.117317226
-922.817465117	593.292560779
-922.527582718	593.58959566
-922.181006741	593.975932461
-921.809206745	594.419559661
-921.504214055	594.919463447
-921.265077755	595.474634427
-921.090844917	596.023030684
-920.950042803	596.564600158
-920.781153731	597.099295595
-920.645677807	597.627074422
-920.482096686	598.239450646
-920.321390217	598.904452803
-920.133029789	599.560071766
-919.886959648	600.206284429
-919.584112778	600.812556647
-919.255936359	601.379348936
-918.963917384	601.907126364
-918.738077886	602.487904348
-918.638479616	603.090220618
-918.66320609	603.683090894
-918.749311362	604.236008875
-918.834797385	604.718946014
-918.919642704	605.224407957
-918.942798798	605.843483006
-918.905192634	606.482759659
-918.807751544	607.05025109
-918.712429618	607.48590841
-918.649720441	607.852685978
-918.680156913	608.273620001
-918.802299411	608.869855388
-918.984196261	609.638595512
-919.163857827	610.54653514
-919.341267481	611.408285388
-919.516410162	612.193864057
-919.68927234	612.873767507
-919.890353952	613.388457973
-920.149683235	613.648835948
-920.435793504	613.719782424
-920.748204893	613.604209439
-921.086439766	613.305028193
-921.511045629	612.886170464
-921.959581334	612.441129727
-922.279021473	611.878909106
-922.440753238	611.201459717
-922.447149909	610.502260471
-922.361607451	609.781832782
-922.216064863	608.979670573
-922.011476628	608.127739875
-921.748795981	607.318548576
-921.428974498	606.612668514
-921.052961701	606.100229969
-920.682725528	605.808918347
-920.318264633	605.735432015
-919.929064681	605.845956931
-919.454571347	606.168171894
-918.92670378	606.576732768
-918.376904932	607.070229643
-917.836141245	607.677765599
-917.395922649	608.305934246
-917.054807081	608.923771833
-916.811349675	609.561811601
-916.664103526	610.250118169
-916.642130305	611.048797512
-916.712998689	611.925485154
-916.78373087	612.878804497
-916.823787822	613.876874975
-916.772594489	614.766256087
-916.601031695	615.48740658
-916.341472368	616.042755539
-915.964796545	616.465245912
-915.533884375	616.817860498
-915.14117788	617.162638619
-914.725150396	617.530166022
-914.255727883	617.981066669
-913.794835153	618.483492003
-913.37293929	619.067087304
-912.959012964	619.791537116
-912.853638181	619.982831904
-912.748263399	620.174126693
-912.642888616	620.365421482
-912.386056097	621.272471931
-912.278341366	621.474824799
-912.170626635	621.677177666
-912.062911903	621.879530534
-911.665768167	622.624639985
-911.316647004	623.311329379
-911.013940505	624.013446326
-910.756120454	624.730508201
-910.541733325	625.533109892
-910.369395611	626.312564151
-910.23778949	627.034474868
-910.14565877	627.735588744
-910.161361362	628.590441932
-910.143249875	629.594448251
-910.092324383	630.674346979
-910.009540412	631.656558644
-909.895811603	632.646261006
-909.718040723	633.779137851
-909.478010711	634.915906356
-909.177430255	636.022779671
-908.885037335	636.966371118
-908.600613484	637.817876536
-908.423825215	638.546426522
-908.318707834	639.088871953
-908.283424903	639.383874997
-908.316209853	639.503567288
-908.382533527	639.583639699
-908.481565953	639.559628859
-908.645127315	639.40145296
-908.806616186	639.112345254
-908.966071663	638.857568484
-909.091193346	638.862704064
-909.150513852	639.057269558
-909.113359935	639.308293145
-909.046068668	639.710760115
-909.045327244	640.197285055
-909.077735637	640.702148079
-909.110705956	641.224939484
-909.112427005	641.79705148
-909.115279254	642.480867737
-909.182552462	643.305677113
-909.312896326	644.205314448
-909.473455932	644.988950409
-909.569140499	645.658904273
-909.5383754	646.280296349
-909.415052809	646.791308728
-909.232332077	647.25676441
-909.053951153	647.740110944
-908.848597759	648.303469487
-908.679194957	648.976484057
-908.576226476	649.60126343
-908.476212776	650.178685565
-908.316941933	650.647450807
-908.068474069	650.947468653
-907.794485107	651.050832392
-907.46448553	650.93017603
-907.079518053	650.620556162
-906.980099334	650.99089782
-906.880680616	651.361239479
-906.781261897	651.731581137
-906.45613837	651.355345825
-906.353283508	651.714321552
-906.250428646	652.073297279
-906.147573784	652.432273005
-905.896104261	651.512917724
-905.790998483	651.85253186
-905.685892705	652.192145996
-905.580786926	652.531760132
-904.620821369	651.722121937
-904.502881353	652.044482041
-904.384941336	652.366842145
-904.26700132	652.689202249
-903.241108457	653.053997086
-903.109693924	653.376986945
-902.97827939	653.699976804
-902.846864856	654.022966662
-901.945200838	654.606495363
-901.131990616	655.162809248
-900.534842721	655.693789631
-900.183975097	656.244984764
-900.021290138	656.772106616
-900.078392441	657.36180693
-900.300981229	658.010676022
-900.638736379	658.508544019
-901.003983743	658.781794975
-901.355162348	658.842064646
-901.693201911	658.77976218
-901.90067322	658.758445484
-901.944978935	658.814990941
-901.910934436	659.099937284
-901.878476412	659.602889087
-901.960945005	660.314255842
-902.116016302	661.187741639
-902.414898217	662.142528072
-902.815058448	663.101957274
-903.312594796	663.956697511
-903.759294338	664.638699121
-904.228968968	665.154646504
-904.685324701	665.439596137
-905.093657327	665.46661068
-905.350558872	665.209704018
-905.42652851	664.783123334
-905.396973677	664.296302308
-905.299804159	663.819861342
-905.239783553	663.319107466
-905.215728987	662.794656575
-905.158912535	662.145675019
-905.036703333	661.375795083
-904.917953122	660.521911076
-904.835844696	659.719484088
-904.85560235	658.966897797
-904.974380983	658.262630093
-905.288027027	657.638094566
-905.693190464	657.058341728
-906.024568591	656.522114299
-906.186712164	656.125614524
-906.151588533	655.962291657
-906.121458104	656.127118419
-906.091327674	656.291945181
-906.061197244	656.456771943
-905.889547919	655.757206819
-905.85733492	655.909313328
-905.82512192	656.061419837
-905.792908921	656.213526347
-905.541834071	655.325950647
-905.1484704	654.541707993
-904.655844709	653.968312706
-904.178836861	653.560168295
-903.680013392	653.127123207
-903.232962385	652.669996142
-902.871826771	652.261875682
-902.629310434	651.829071427
-902.501148703	651.26541176
-902.447931077	650.610746479
-902.326381456	649.762511251
-902.173738155	648.727023771
-901.991007219	647.649243783
-901.882785768	646.668553642
-901.77801067	645.74739532
-901.574054738	644.815461409
-901.37588992	643.804969101
-901.294782842	643.758603848
-901.213675763	643.712238594
-901.132568684	643.66587334
-901.233745944	643.412507911
-901.155321104	643.363096734
-901.076896265	643.313685558
-900.998471425	643.264274381
-901.002792006	642.68914498
-900.925579866	642.632028993
-900.848367725	642.574913006
-900.771155584	642.517797019
-901.306247189	642.483764055
-901.237942587	642.42698387
-901.169637985	642.370203685
-901.101333383	642.3134235
-900.710539506	642.61170364
-900.637590217	642.560037251
-900.564640927	642.508370862
-900.491691638	642.456704472
-900.398263654	642.287419119
-900.325022925	642.234078852
-900.251782196	642.180738585
-900.178541467	642.127398318
-900.203672752	641.135660315
-900.131813403	641.069142687
-900.059954054	641.00262506
-899.988094704	640.936107432
-899.975693954	640.821881483
-899.90465767	640.754703446
-899.833621385	640.687525408
-899.7625851	640.620347371
-900.286400754	640.752069621
-900.22347681	640.687604102
-900.160552866	640.623138584
-900.097628923	640.558673065
-900.515970374	640.403927101
-900.724837436	640.376918896
-900.916985031	640.520587463
-901.094450268	640.92761599
-901.258954102	641.679640619
-901.515965038	642.433294628
-901.908215931	642.986567885
-902.474014321	643.357321635
-903.151306961	643.512685826
-903.931938864	643.611779449
-904.669862168	643.520094084
-905.27811179	643.070035601
-905.855425061	642.553718344
-906.316947994	642.062685475
-906.54177715	641.551951649
-906.587342717	641.149142555
-906.61494739	641.101024614
-906.642552062	641.052906673
-906.670156735	641.004788731
-906.62159274	641.586713188
-906.648186629	641.546956127
-906.674780517	641.507199065
-906.701374405	641.467442003
-906.645854282	641.740004997
-906.733177615	641.950786411
-906.86166979	642.150163945
-906.849567078	642.294416004
-906.662539897	642.519215869
-906.441430458	642.819447271
-906.145784255	643.105676651
-905.821717963	643.295464895
-905.594064165	643.476949445
-905.416585153	643.610210526
-905.206436234	643.777955796
-904.965239428	643.899573454
-904.655534069	643.821823858
-904.319054134	643.708554138
-903.994929668	643.789481987
-903.682403858	643.867529489
-903.343606536	643.831329924
-903.016350936	643.759569304
-902.772873415	643.835963111
-902.573449027	643.83771103
-902.416203036	643.696307652
-902.299408324	643.381903158
-902.18628631	643.041784552
-902.111579615	642.85134398
-901.969918003	642.666453387
-901.798045609	642.55567023
-901.59696067	642.482232859
-901.469455296	642.512777666
-901.446842064	642.610172484
-901.458686516	642.705222814
-901.570656507	642.864755349
-901.779758417	643.086861478
-902.083181635	643.336729458
-902.511143488	643.613615658
-902.962097294	643.85139226
-903.435498954	644.018604655
-903.930829158	644.084732785
-904.415277021	644.117061276
-904.856992565	644.1486553
-905.192930226	644.179536764
-905.489676449	644.305666269
-905.780079402	644.42912786
-906.159677099	644.518205111
-906.56303945	644.478589212
-906.92641203	644.186698658
-907.376867398	643.805815178
-907.912529534	643.337857104
-908.405976461	642.784669576
-908.920778182	642.179372322
-909.456494529	641.616886043
-909.856557537	641.033896741
-910.123657923	640.462002158
-910.260392917	639.869874236
-910.238189573	639.320097108
-910.122162082	638.71876116
-910.038104403	638.004855372
-910.047378401	637.273419569
-910.210162306	636.617641072
-910.492773072	635.819850414
-910.923936551	634.975287442
-911.439288625	634.269985643
-911.975649124	633.609089696
-912.501790448	632.961087649
-913.017831582	632.418199962
-913.616209681	632.009476696
-914.172441433	631.64042999
-914.625674091	631.341175636
-915.008286827	631.110583739
-915.3213952	630.978260529
-915.566099434	630.973312254
-915.804886909	631.062953358
-916.068527321	631.245620624
-916.295229964	631.366338722
-916.454885859	631.395360988
-916.517876752	631.334102835
-916.485738932	631.18396821
-916.451997402	630.885017236
-916.478039723	630.470267539
-916.532297172	630.064221382
-916.614349078	629.758776689
-916.662459319	629.613727688
-916.677169233	629.657256989
-916.659017804	629.855763108
-916.608541785	630.237447676
-916.587591782	630.738070813
-916.595748881	631.29435232
-916.601934859	631.843967426
-916.575545176	632.264222002
-916.57843345	632.587626714
-916.640843769	632.846220602
-916.731217922	633.071571941
-916.879802982	633.264112144
-917.024369139	633.546948259
-917.134299801	633.918622552
-917.271466267	634.285662987
-917.404775414	634.740057838
-917.503605407	635.126977302
-917.599161448	635.41666231
-917.599459289	635.733226748
-917.536655243	636.076175546
-917.442434069	636.291600806
-917.440061716	636.350697319
-917.466795309	636.255822586
-917.552898638	636.132087928
-917.697471958	636.010646114
-917.930304557	635.860795352
-918.188636435	635.713690183
-918.441348711	635.538625182
-918.657798294	635.366755856
-918.899901387	635.16737324
-919.167233934	634.971632974
-919.520763168	634.810213467
-919.897719883	634.713314892
-920.236289955	634.679962343
-920.537009103	634.678483078
-920.769719082	634.708377953
-920.874046188	634.769147614
-920.913360957	634.829596787
-920.919380798	635.012488348
-920.892648135	635.315885106
-920.864399461	635.615071592
-920.804001898	635.848644529
-920.74268868	635.986858785
-920.803286666	636.123222017
-920.891856154	636.073578873
-920.91590265	635.687358853
-920.937822165	635.123292204
-920.957670132	634.568381649
-921.006187075	634.053298625
-921.052260794	633.516174117
-921.065262174	632.89610263
-920.984364697	632.102461988
-920.780388716	631.0767576
-920.547346628	629.761458481
-920.377794817	628.345397937
-920.240139789	626.891798367
-920.041928604	625.432230944
-919.845506834	624.08977841
-919.712247322	622.98557242
-919.610556431	621.90148437
-919.386675473	620.837412879
-919.011911638	619.885229508
-918.580684975	619.012712545
-918.155299444	618.249431037
-917.735778303	617.501853341
-917.260840836	616.800502209
-916.792764799	616.206058698
-916.423497361	615.839519716
-916.151597171	615.636082348
-915.944980665	615.531916139
-915.802685968	615.433526383
-915.815654705	615.279512116
-915.950842383	615.13197385
-916.206321195	615.113300941
-916.580165556	615.190806903
-917.039828514	615.271044744
-917.522630358	615.353892327
-918.02810445	615.408610738
-918.463937487	615.496798906
-918.831117096	615.679088079
-919.161244725	615.95391964
-919.485438834	616.289130082
-919.773121741	616.714258581
-920.05541034	617.197156586
-920.121853606	617.002398715
-920.188296872	616.807640843
-920.254740138	616.612882971
-921.314854238	616.571529985
-921.396654032	616.379142885
-921.478453827	616.186755785
-921.560253622	615.994368684
-923.005254024	616.283580504
-923.107967192	616.098581794
-923.210680359	615.913583084
-923.313393526	615.728584374
-924.785547849	617.422748496
-924.909046084	617.266271294
-925.032544319	617.109794092
-925.156042554	616.95331689
-926.849905377	619.456981807
-926.996924635	619.340348387
-927.143943893	619.223714967
-927.290963151	619.107081547
-929.439847416	621.610286079
-929.616402226	621.532305793
-931.893828124	623.98918342
-934.105796337	626.188275634
-936.168026177	628.237561002
-938.091054701	629.926802388
-939.884346219	631.278951153
-941.513567751	632.571850862
-942.988860342	634.020797976
-944.361077098	635.409445115
-945.554087688	636.659467637
-946.65892895	637.859900818
-947.680460138	639.093964307
-948.071235661	639.261391402
-948.462011183	639.428818497
-948.852786706	639.596245592
-948.932064693	640.504892729
-949.318418038	640.682842561
-949.704771384	640.860792392
-950.09112473	641.038742223
-950.455541874	641.482387618
-950.841586468	641.66407711
-951.227631062	641.845766602
-951.613675656	642.027456094
-951.755346284	642.980963514
-952.137986841	643.173404139
-952.520627397	643.365844765
-952.903267954	643.55828539
-953.115769687	644.85097773
-953.572065124	646.369448538
-954.153199041	647.99747128
-954.849374131	649.679320399
-955.652015787	651.317588035
-956.507249036	652.638670718
-957.275339889	653.529750931
-957.917970921	654.020964241
-958.39983996	654.270606737
-958.860661797	654.509707871
-959.344194704	654.738876005
-959.890880916	654.875137134
-960.332551257	654.718074341
-960.634586817	654.081140526
-960.844568159	653.230090615
-961.125229043	652.294097656
-961.472865666	651.393862456
-961.807037271	650.60405739
-962.090265221	649.956905426
-962.362557539	649.332251075
-962.624350893	648.691393894
-962.876046887	648.145374617
-963.081471091	647.726330023
-963.206275419	647.283866447
-963.217751546	646.926344869
-963.155824212	646.828094084
-963.058448821	646.908441115
-962.891773434	647.055611946
-962.553889655	647.197656018
-962.22319591	647.507281296
-961.967773459	648.115803934
-961.818949523	648.945156249
-961.773076392	649.852903338
-961.725844182	650.769449747
-961.643760308	651.627814036
-961.494535205	652.4631939
-961.280073202	653.210231407
-961.002170427	653.805754259
-960.662524275	654.254149481
-960.230112748	654.624809648
-959.772325732	654.887381449
-959.225007799	655.141827342
-958.590378096	655.388362567
-957.902671269	655.723553552
-957.131097357	656.113192784
-956.341419136	656.364526997
-955.533984393	656.480863537
-954.740852249	656.59222141
-953.961634759	656.667078563
-953.164424399	656.580060644
-952.443993579	656.366204968
-951.830050406	656.216640356
-951.320312521	656.129990184
-950.912593133	656.104934602
-950.573586541	656.140205852
-950.270756176	656.047679136
-949.941193177	655.73661451
-949.585436971	655.27342098
-949.2350182	654.692074841
-948.951782682	654.180644148
-948.610796055	653.799703174
-948.151384315	653.39243501
-947.637463144	653.051925453
-947.070067373	652.869475717
-946.388623448	652.688324619
-945.687520168	652.416179872
-945.028666136	652.11616018
-944.349968295	651.819516937
-943.651850515	651.526242963
-942.965413838	651.144287486
-942.382548891	650.797866767
-941.90160996	650.547751934
-941.853492057	650.62603711
-941.805374153	650.704322286
-941.75725625	650.782607462
-941.216479451	650.095203863
-941.160800696	650.161737989
-941.105121941	650.228272115
-941.049443186	650.29480624
-940.665665326	649.910389628
-940.604971706	649.970031151
-940.544278087	650.029672674
-940.483584467	650.089314197
-940.089541524	649.707718036
-939.709305448	649.417300063
-939.342200601	649.136375891
-939.026077515	648.902942218
-938.758770277	648.753109786
-938.462625299	648.569998425
-938.176248468	648.35488277
-937.824802118	648.332209536
-937.447636132	648.457718376
-937.351733389	648.487216836
-937.255830645	648.516715296
-937.159927901	648.546213757
-936.861787551	648.552720495
-936.574686948	648.558885928
-936.4936042	648.721152616
-936.454472451	648.916436175
-936.417131142	649.028290821
-936.419520726	649.098286812
-936.460017253	649.354135242
-936.425099614	649.825677119
-936.317779837	650.393371735
-936.140868867	650.8699622
-935.969883089	651.295454061
-935.84075787	651.744172787
-935.644229183	652.143530686
-935.382680399	652.495352898
-935.129193341	652.836772494
-934.98904027	653.133000566
-934.958418728	653.315643841
-935.033745355	653.492728733
-935.177079844	653.59532998
-935.283216012	653.488337414
-935.284971462	653.144026921
-935.185524156	652.569543266
-935.021716888	651.636330909
-934.7617519	650.35475639
-934.508908273	648.90223727
-934.262971589	647.316812412
-934.090181071	645.535580316
-933.988546964	643.596807296
-933.857312743	641.570474562
-933.730080125	639.491590999
-933.639453312	637.426828222
-933.519318381	635.310560236
-933.467863015	633.241456493
-933.580547509	631.347833584
-933.821141599	629.625433267
-933.727247359	629.369473102
-933.633353118	629.113512937
-933.539458878	628.857552771
-933.886077935	627.598012476
-933.798744012	627.327106553
-933.71141009	627.056200631
-933.624076167	626.785294709
-933.516335273	625.126109567
-933.428698442	624.834596933
-933.341061612	624.543084298
-933.253424782	624.251571664
-933.405234533	622.812527791
-933.632538028	621.510355627
-933.811468537	620.418099688
-933.984093179	619.485742347
-934.386141043	618.823252644
-934.968479163	618.379375463
-935.492677444	618.067468001
-935.961448909	617.957939324
-935.92175881	617.612789709
-935.88206871	617.267640094
-935.842378611	616.922490479
-935.769765452	616.471628691
-935.729597457	616.124944609
-935.689429463	615.778260528
-935.649261468	615.431576446
-935.31816019	615.03713524
-935.045229801	614.61652701
-934.869594878	614.29935438
-934.701417743	614.037606636
-934.664762322	613.828241552
-934.67058386	613.709462345
-934.71667686	613.595720261
-934.801028451	613.566776425
-935.000771357	613.776504221
-935.19330868	614.174557752
-935.379078231	614.636524037
-935.558480809	614.96871565
-935.694053682	615.063678637
-935.825229456	614.89440673
-935.989368045	614.620602051
-936.148389856	614.393722479
-936.339028604	614.28483237
-936.560108914	614.289351616
-936.810535866	614.295386012
-936.982478152	614.089341557
-937.078853076	613.78500869
-937.137475792	613.385886089
-937.194532166	612.790685168
-937.180837497	611.902127354
-937.098744533	610.901889817
-936.882055408	609.96447441
-936.870678728	609.654106848
-936.859302048	609.343739285
-936.847925368	609.033371723
-936.657740182	608.844155579
-936.643780603	608.535538056
-936.629821024	608.226920533
-936.475728324	608.65781634
-936.288669491	609.458512345
-936.270218031	609.176425474
-936.251766572	608.894338603
-936.233315112	608.612251732
-935.132923683	608.440354309
-935.098910511	608.15985231
-935.064897339	607.879350311
-935.030884167	607.598848313
-933.890960183	606.994568257
-933.841144464	606.709439739
-933.791328745	606.42431122
-933.741513026	606.139182702
-932.336453732	605.719243804
-930.818564273	605.180486651
-929.149042086	604.348946151
-927.515679402	603.467303054
-926.090912617	602.626302408
-924.947353945	601.909557015
-924.067355103	601.138928453
-923.309139886	600.107480642
-922.541335941	598.705504102
-921.723332155	597.034425626
-921.52296146	596.665218765
-921.322590765	596.296011905
-921.12222007	595.926805044
-920.576083304	595.053142074
-920.370885991	594.67689341
-920.165688679	594.300644747
-919.960491366	593.924396083
-920.371456991	594.26699002
-920.174813553	593.90072068
-919.978170116	593.534451341
-919.781526678	593.168182001
-919.802984448	593.404482812
-919.609345383	593.046513956
-919.415706318	592.6885451
-919.222067254	592.330576244
-919.549412177	592.339767058
-919.85394049	591.987480315
-920.088348276	591.304431188
-920.210132387	590.31728682
-920.133220152	589.239695786
-919.965946201	588.357576589
-919.897729312	587.884825029
-919.876848923	587.927227792
-919.944274523	588.274045334
-920.181020862	588.905945407
-920.576695101	589.677886918
-920.912354935	590.498264873
-921.15057077	591.365005177
-921.337859268	592.316939195
-921.517384044	593.350143904
-921.729364767	594.461062263
-921.972314116	595.646460268
-922.206235634	596.980674422
-922.393564236	598.304501788
-922.57443161	599.656993109
-922.711909889	600.962855064
-922.882026975	602.076916251
-923.083491989	602.93481231
-923.387685431	603.547766305
-923.754606786	603.998035001
-924.14628784	604.327972164
-924.491228454	604.613125042
-924.826428051	604.925488996
-925.222029309	605.194561766
-925.606881888	605.491152314
-925.981498995	605.848759321
-926.312241508	606.333671427
-926.634565015	606.941842955
-926.915137706	607.736885637
-927.088331303	608.646131163
-927.157480497	609.599651858
-927.158871038	610.463714301
-927.094484169	611.20811222
-927.064708739	611.80355338
-927.06858189	612.254283484
-927.072635909	612.629422234
-927.044442116	612.963458434
-926.984838135	613.289806823
-926.830238827	613.544318857
-926.679234623	613.728805269
-926.5637032	613.813008688
-926.450911256	613.767446138
-926.309001092	613.658722146
-926.075231115	613.424873257
-925.783278801	613.037081244
-925.40287593	612.530273829
-924.967404003	612.032906624
-924.509435569	611.576176629
-924.092123999	611.253257256
-923.683352999	611.092679748
-923.314183393	611.122387142
-922.983834546	611.369761477
-922.691554389	611.768265946
-922.436617006	612.221711457
-922.187279898	612.666944023
-921.943448786	613.104089719
-921.766964319	613.595198579
-921.656599842	614.170175332
-921.64206146	614.920155686
-921.75249977	615.903683543
-921.985682563	617.147374067
-922.339425112	618.646539667
-922.780786565	620.396583124
-923.27741846	622.331431673
-923.828305394	624.324659143
-924.401703725	626.313536149
-924.997145724	628.297870395
-925.644883131	630.216038079
-926.313246333	632.068862284
-927.001785616	633.73438902
-927.679375196	635.123384956
-928.254059599	636.209452206
-928.727388632	636.966650319
-929.100896095	637.43080566
-929.376101382	637.667848679
-929.493219742	637.712034114
-929.485362759	637.627736941
-929.385134544	637.417055067
-929.224638875	637.082071884
-929.004853339	636.716753351
-928.818640246	636.382973262
-928.634897522	636.080380485
-928.453632036	635.839251358
-928.21359527	635.720010722
-927.885118951	635.598367404
-927.500261409	635.505073833
-927.121228922	635.470405701
-926.748019052	635.524163999
-926.411257072	635.603788166
-926.141093971	635.708924843
-925.967207721	635.716692186
-925.949437821	635.597993997
-926.024141601	635.508012863
-926.189892512	635.477027478
-926.383988072	635.504205566
-926.544668003	635.619353439
-926.641756194	635.759879465
-926.645548235	635.802844034
-926.526811318	635.749771509
-926.226136594	635.632833351
-925.77700507	635.391781489
-925.181775883	635.089912301
-924.47345978	634.697620063
-923.653939704	634.216422103
-922.817063207	633.617176967
-922.055257822	632.932526618
-921.306234476	632.255954509
-920.600623505	631.556880615
-919.907254274	630.958498321
-919.28741154	630.459451413
-918.709437256	630.058376427
-918.172806808	629.692574835
-917.70765642	629.330957063
-917.343643273	628.912238722
-917.048612483	628.406749324
-916.760214829	627.754624664
-916.478385694	626.958284481
-916.203059188	626.050812657
-915.903500791	625.064811547
-915.610787264	624.00173281
-915.355516538	622.863021359
-915.137139905	621.650114798
-914.985774029	620.395109584
-914.900389242	619.221613437
-914.879955081	618.189975949
-914.95410588	617.420907557
-915.060003448	616.941196548
-915.227761435	616.746479552
-915.487014456	616.801725221
-915.836256643	617.072380209
-916.304644806	617.493711635
-916.920857376	617.971292177
-917.651779454	618.381485306
-918.434126734	618.694555771
-919.205585358	618.973219415
-919.966119692	619.248577225
-920.715700724	619.489946785
-921.45430586	619.667131103
-922.181918724	619.719770045
-922.929175635	619.680411478
-923.695590685	619.550476004
-924.388754889	619.362027227
-924.948356511	619.207926745
-925.345695025	619.11830626
-925.70574291	619.061538958
-926.120905353	619.037116693
-926.559606703	619.105797521
-926.990758127	619.266110553
-927.383757632	619.60847284
-927.708489811	620.191225639
-927.996574435	621.010497683
-928.248526715	622.001179217
-928.495483499	623.00727534
-928.798717096	623.936454419
-929.157302207	624.697843451
-929.5703157	625.293867299
-929.975614197	625.665732146
-930.34263336	625.816832222
-930.641294525	625.781169181
-930.933818396	625.531050487
-931.159049719	625.069866953
-931.256800794	624.431605451
-931.198448367	623.649763961
-931.017042866	622.818542904
-930.714555163	621.877717191
-930.384728157	620.706836551
-930.05867354	619.40150049
-929.736429593	618.05585031
-929.356860504	616.670813064
-928.859791722	615.124971812
-928.247171542	613.268245793
-927.551522252	611.167006984
-926.774300756	608.79491523
-925.947533096	606.248396857
-925.072183452	603.652988553
-924.118637467	601.16285486
-923.08832463	598.868597668
-922.013234629	596.737089129
-920.894301943	594.766236035
-919.793581876	592.862240521
-918.680472514	590.993861382
-917.585966846	589.160888364
-916.479451472	587.454779092
-915.361343512	585.843310989
-914.262608837	584.416957928
-913.152617395	583.203638925
-912.123423745	582.200235869
-911.204534842	581.403627818
-910.333323187	580.749592504
-909.509212008	580.266511355
-908.701072959	579.890646157
-907.939343869	579.589763709
-907.223435587	579.393200371
-906.583298716	579.360359866
-906.048402746	579.488609399
-905.586655765	579.683699302
-905.227521457	579.761200995
-904.969446765	579.722787027
-904.810878813	579.661744519
-904.71972957	579.669930876
-904.694924737	579.807239858
-904.765925717	580.010479513
-904.900653395	580.278482957
-905.036976576	580.610088619
-905.174782543	580.973609634
-905.313961317	581.368371739
-905.484934799	581.732648265
-905.74817965	582.005671074
-906.102168447	582.188684501
-906.484324547	582.34399037
-906.894079511	582.471890443
-907.330869307	582.603215233
-907.763610028	582.768322981
-908.192221646	582.966576234
-908.616628493	583.227864474
-909.036759166	583.459516442
-909.452546427	583.631334628
-909.833405964	583.744121606
-910.210273574	583.859724258
-910.491533628	584.039042362
-910.739595861	584.280990145
-910.954885036	584.58448556
-911.137828325	584.91793222
-911.288855043	585.311248737
-911.377878855	585.70233117
-911.436323612	586.121580598
-911.525656543	586.50737841
-911.675881059	586.67699428
-911.886011895	586.54209483
-912.063519137	586.229379576
-912.208842743	585.741590731
-912.261394708	585.17301364
-912.222565282	584.647023891
-912.124259483	584.224070505
-912.058936279	583.872111129
-912.117633055	583.529062366
-912.32893953	583.194814225
-912.598920527	582.960795318
-912.926602608	582.97803866
-913.341527529	583.303671983
-913.811741584	583.810803827
-914.336280291	584.435465667
-914.944695056	585.114641441
-915.635556238	585.877803707
-916.40743896	586.753958235
-917.289435171	587.741133059
-918.157612445	588.6848071
-918.98147136	589.402322446
-919.700480662	589.774890081
-920.255060991	589.746641143
-920.586583882	589.415210197
-920.72890259	588.968344817
-920.745909604	588.560441647
-920.731062224	588.282508579
-920.745887818	588.132601088
-920.789946465	588.07826323
-920.832287597	588.118022152
-920.811923199	588.341936156
-920.699320969	588.716605562
-920.495930837	589.117575975
-920.264221357	589.422288035
-920.004693491	589.571097281
-919.80937575	589.566327494
-919.707856226	589.47132375
-919.66822886	589.317976201
-919.628549575	589.168211831
-919.558328963	588.991482347
-919.488569153	588.72720201
-919.419289038	588.437768507
-919.411525986	588.123613447
-919.464351929	587.937715012
-919.5768385	587.878138267
-919.748057481	587.973457225
-919.916062128	588.160244861
-920.080871123	588.376020945
-920.211994565	588.406705046
-920.218397099	588.163565639
-920.132499973	587.711837443
-919.955741978	587.237846571
-919.68956094	586.89457103
-919.304883586	586.680075423
-918.834125978	586.653441498
-918.370247387	586.811785978
-917.882747692	587.152226154
-917.433124238	587.549843392
-917.020906549	587.942631678
-916.645620829	588.300043262
-916.398318655	588.622515932
-916.277102704	588.941000086
-916.341092873	589.316485811
-916.526425248	589.717492366
-916.800691222	590.113014779
-917.131956294	590.472523976
-917.488760693	590.826985624
-917.840119763	591.206895663
-918.186033579	591.581261287
-918.434976364	591.8585463
-918.588371089	592.040163618
-918.647642465	592.097018787
-918.614216223	592.092019781
-918.459008919	592.0871298
-918.214428328	592.11285732
-917.942917854	592.168728693
-917.6754643	592.254270476
-917.4120703	592.369009647
-917.183245991	592.573492821
-916.958007953	592.896812724
-916.766862734	593.367590947
-916.60933316	594.013978795
-916.515450238	594.772129785
-916.484261785	595.640166289
-916.545324555	596.616216026
-916.758232091	597.667903261
-917.181633275	598.763331643
-917.751195319	599.932103698
-918.434043373	601.08131866
-919.136760344	602.119501461
-919.828371013	602.987111997
-920.417358759	603.717090646
-920.935667812	604.250381887
-921.384264309	604.711936837
-921.82513692	605.102780726
-922.258312923	605.393431396
-922.683822402	605.585390436
-923.101698148	605.619141207
-923.511975558	605.43611242
-923.945202069	605.192243662
-924.43145491	605.010599245
-924.939322184	604.920821369
-925.407357986	604.860548494
-925.775064676	604.859891076
-926.043911579	604.887466319
-926.1848604	604.881853414
-926.230365649	604.782575913
-926.273428425	604.560611014
-926.344612406	604.217916262
-926.412989101	603.817465562
-926.539630855	603.299246026
-926.662626414	602.756733672
-926.75151939	602.343000952
-926.806835602	602.056204896
-926.829100695	601.80297028
-926.818839899	601.55235598
-926.776577793	601.27389101
-926.672328588	600.998593556
-926.476578032	600.66547813
-926.190792442	600.275520929
-925.785926477	599.860204704
-925.324933031	599.328498409
-924.869816096	598.590785466
-924.512139869	597.650391359
-924.250518388	596.571654824
-924.114072034	595.417962268
-924.10093674	594.282256316
-924.178737588	593.317072201
-924.315571806	592.550536092
-924.510518883	591.979785335
-924.732149492	591.540933214
-924.949507975	591.201544023
-925.132112516	590.990670886
-925.280464521	590.906382979
-925.4255757	590.916239146
-925.506457521	590.95776147
-925.524086124	590.969418006
-925.479437764	590.8601136
-925.312469541	590.631699893
-925.025101807	590.286028327
-924.680272019	589.916477455
-924.339969828	589.553987249
-924.034727319	589.29004177
-923.764091722	589.184195835
-923.497098347	589.264548408
-923.264271632	589.436688283
-923.065151827	589.577114097
-922.929786647	589.594726342
-922.796221458	589.552391922
-922.66446447	589.451014546
-922.504013431	589.322007615
-922.284837641	589.2573305
-922.038396457	589.225486991
-921.795674931	589.256472366
-921.556674293	589.25777232
-921.351903314	589.199309964
-921.241905738	589.143009678
-921.194750592	589.119341439
-921.178978785	589.097284137
-921.224622229	589.015780396
-921.2697122	588.906246497
-921.283734954	588.769116774
-921.206140451	588.604825348
-921.099361323	588.352787306
-921.024884448	588.10590894
-920.921213502	587.955677441
-920.788815555	587.870123723
-920.628157006	587.726222962
-920.409194077	587.433350158
-920.163373145	587.054844274
-919.830138597	586.744625438
-919.441406296	586.501702108
-919.089635804	586.32508119
-918.804847602	586.213768553
-918.555568651	586.258297396
-918.34130602	586.456255147
-918.19207455	586.774721046
-918.167924518	587.181249152
-918.236432383	587.796415592
-918.335138136	588.55585399
-918.402527877	589.365639049
-918.439052566	590.25530652
-918.445163995	591.131888812
-918.421314543	591.90384304
-918.337447677	592.633597178
-918.133470349	593.260602669
-917.841762238	593.725261575
-917.524738489	593.999435009
-917.243867204	594.055459987
-916.998650763	593.866147985
-916.788589875	593.496311102
-916.521656084	593.131851663
-916.22927472	592.772777855
-916.03392477	592.297058038
-915.964665319	591.737094609
-916.019572648	591.216341597
-916.227232302	590.85635848
-916.524230366	590.685282772
-916.909118682	590.700267619
-917.349942484	590.867955832
-917.84573212	591.094444636
-918.365012291	591.317759762
-918.907293518	591.446364743
-919.502599631	591.573198223
-920.11946752	591.728763554
-920.726911178	591.821055501
-921.263912548	591.820506383
-921.76193098	591.728531109
-922.190938577	591.577053879
-922.582402054	591.336507158
-922.936809222	591.038813462
-923.285159766	590.745930247
-923.566455343	590.488358415
-923.812172807	590.235105753
-924.083827355	589.955650934
-924.350462654	589.711471308
-924.612105821	589.380041711
-924.868785504	588.932253609
-925.120531823	588.46150589
-925.33686707	587.99875814
-925.426769022	587.574494232
-925.392162091	587.24923167
-925.265480063	586.960503104
-925.078683331	586.646784509
-924.832748992	586.3390232
-924.467633801	585.9761644
-924.015765195	585.620133824
-923.509094893	585.331909894
-923.070626031	585.110505343
-922.668921067	585.04645916
-922.364539315	585.045836118
-922.125563998	585.138156001
-921.890039325	585.260938942
-921.688480571	585.322142414
-921.520419343	585.383689468
-921.415894946	585.415031295
-921.343454323	585.56914819
-921.272116243	585.813602786
-921.201880783	586.116432039
-921.102238261	586.354620151
-920.943151098	586.49857222
-920.756072089	586.549677421
-920.571980277	586.570344898
-920.421380768	586.591530132
-920.273286299	586.643716551
-920.127690433	586.817934002
-920.045604228	587.142776793
-920.056583326	587.646368275
-920.128691814	588.234324967
-920.260975841	588.844194461
-920.421972984	589.353455647
-920.580694519	589.794028697
-920.706625622	590.197365002
-920.861253039	590.624955857
-921.044100809	591.015313331
-921.285203391	591.429934749
-921.583614766	591.807338024
-921.96889993	592.239535375
-922.378625727	592.847633002
-922.903853178	593.598303409
-923.512191429	594.397677423
-924.171725946	595.183818101
-924.820509828	595.956757635
-925.45856444	596.655515001
-926.05540633	597.220059476
-926.672556638	597.804874678
-927.248558239	598.348519915
-927.814430934	598.821012453
-928.339707068	599.192845319
-928.733376622	599.465495962
-929.058396746	599.701462108
-929.315763029	599.962297302
-929.47596342	600.18657368
-929.509959564	600.374828004
-929.45020454	600.497088449
-929.389696715	600.645893123
-929.35899689	600.912362187
-929.388192013	601.294670336
-929.506895417	601.760483967
-929.713738034	602.277943864
-929.97684167	602.84617502
-930.173273792	603.372777415
-930.243011942	603.766771896
-930.157488775	604.030127532
-929.888609273	604.073287354
-929.500277324	603.960659096
-928.99443038	603.633667384
-928.373002323	603.126207716
-928.444731237	603.273277016
-928.516460151	603.420346317
-928.588189065	603.567415617
-928.037073269	603.59050006
-928.09917948	603.735653844
-927.607171915	604.193472735
-927.660741661	604.343443318
-927.714311406	604.493413902
-927.767881152	604.643384485
-927.044402026	604.241272511
-927.086098414	604.382807237
-927.127794802	604.524341962
-927.169491189	604.665876688
-926.555594045	603.723298023
-926.587385721	603.848453956
-926.619177397	603.973609889
-926.650969073	604.098765821
-926.478536094	603.690811836
-926.507284185	603.808022766
-926.536032276	603.925233697
-926.564780367	604.042444627
-926.051017929	603.356682257
-925.470887825	602.705338664
-924.783170169	602.040471855
-924.083199665	601.362474978
-923.415082694	600.715473468
-922.948964329	600.097205449
-922.672862858	599.548115848
-922.492139686	599.14777167
-922.23616576	599.011786623
-921.745654073	598.921997391
-921.153426268	598.795370002
-920.623604579	598.713310068
-920.349672227	598.673581788
-920.319307986	598.518478779
-920.405689316	598.214802938
-920.489270442	597.921575288
-920.43577024	597.937656582
-920.382270039	597.953737876
-920.328769838	597.96981917
-920.468732797	598.805416213
-920.417979809	598.833134787
-920.367226822	598.860853361
-920.316473834	598.888571934
-920.122523585	598.52532372
-920.069749489	598.547524128
-920.016975393	598.569724535
-919.964201297	598.591924943
-919.775248723	597.7434722
-919.366250515	596.571588391
-918.887220756	595.187685864
-918.821746004	595.161993508
-918.756271252	595.136301153
-918.690796499	595.110608797
-918.69123258	594.07397122
-918.626669307	594.034298528
-918.562106034	593.994625836
-918.497542761	593.954953144
-918.6142164	593.259067366
-918.772869423	592.852576394
-918.82474343	592.614676774
-918.767191087	592.558613584
-918.709638743	592.502550394
-918.6520864	592.446487204
-918.615342417	591.959830589
-918.558071439	591.897945025
-918.500800461	591.836059461
-918.443529483	591.774173896
-918.851956501	591.835972418
-918.800921978	591.775743185
-918.749887455	591.715513952
-918.698852932	591.65528472
-919.121668732	591.90169809
-919.623163952	592.239374718
-920.249768256	592.766809049
-921.042550025	593.414739539
-921.024589111	593.380507773
-921.006628197	593.346276007
-920.988667282	593.31204424
-921.737677102	591.895893834
-921.729744491	591.84359319
-921.721811881	591.791292547
-921.71387927	591.738991904
-922.866834641	589.988512857
-922.873959747	589.914185379
-922.881084853	589.8398579
-922.888209958	589.765530422
-923.438405293	589.292089616
-923.452512476	589.212630867
-923.466619658	589.133172119
-923.48072684	589.05371337
-923.712095311	589.037833569
-923.728969552	588.959184568
-923.745843794	588.880535567
-923.762718035	588.801886565
-924.307305019	588.676809006
-924.742770175	588.437129645
-925.202065521	588.334677554
-925.740681106	588.238584532
-926.350707225	588.092400083
-927.025515349	587.901229489
