-1011.0	482.290382576
-1010.93744405	482.813086401
-1010.9393133	483.487209432
-1011.08875966	484.359798693
-1011.34535506	485.387389917
-1011.56097077	486.363382241
-1011.65655706	487.238476928
-1011.72104347	488.102109328
-1011.7829274	488.930739542
-1011.79050065	489.650588363
-1011.87480656	490.269284587
-1012.33709264	490.970869472
-1013.26480416	491.980707032
-1014.52100351	493.217189788
-1015.87745495	494.678561056
-1017.13816023	496.390117098
-1018.20938018	498.304370033
-1019.14608252	500.351087116
-1019.95141363	502.461023213
-1020.67769186	504.463343013
-1021.2748298	506.157691661
-1021.63867927	507.284551144
-1021.89637638	507.939629407
-1022.15220836	508.325453666
-1022.37915644	508.624430007
-1022.54872616	508.999662933
-1022.77172436	509.679540087
-1023.07899177	510.819704994
-1023.4443944	512.143809486
-1023.71952403	513.236836633
-1023.62270864	513.563397394
-1023.10620783	512.805188049
-1022.31413334	511.303641376
-1021.26929329	509.095701436
-1020.20067263	506.563041939
-1019.45749569	504.393224198
-1018.91381648	502.608424727
-1018.47053365	501.084784296
-1018.20734106	499.763147622
-1018.20780725	498.731232552
-1018.28739224	497.731049817
-1018.29009875	496.410380779
-1018.49590543	495.449073114
-1018.78659707	495.065718784
-1018.74480684	494.522746891
-1018.4903777	494.158027976
-1018.45229119	494.711603221
-1018.59077538	495.934832702
-1018.59610578	496.942578739
-1018.4211479	496.959807046
-1018.20166963	496.249435396
-1017.98416985	495.409027174
-1017.72228657	494.861509472
-1017.51117379	494.467067855
-1017.39923747	493.891648298
-1017.33838805	492.894647884
-1017.42598983	491.722084642
-1018.15209959	491.260205515
-1019.70949393	491.901218016
-1021.74079693	493.486281005
-1023.737353	495.352822909
-1025.34356485	496.890037492
-1026.66261976	497.74462621
-1028.05221177	497.923911915
-1029.40734787	497.845569685
-1030.62437251	497.769853495
-1031.96125629	498.159508582
-1033.72385001	499.676161219
-1035.79892327	502.348575502
-1038.1782041	505.580763989
-1040.38565006	508.734230547
-1042.11056697	511.546872573
-1043.57045958	514.231570071
-1044.87458984	516.997298639
-1046.07798141	519.578406121
-1047.13005371	521.715478841
-1047.82458288	523.574490543
-1048.17015978	525.57996866
-1048.38527655	527.77939645
-1048.52599254	529.642174896
-1048.38480414	530.651240002
-1047.86461681	530.77563613
-1047.34339846	530.510854381
-1046.97947978	530.235099953
-1046.71699506	530.001903799
-1046.50141078	529.496028522
-1046.33202614	528.935413739
-1046.10318011	528.427309354
-1045.81695729	527.813780896
-1045.52785004	527.098492325
-1045.34129166	526.232630361
-1045.46459807	525.06395477
-1045.83723559	523.811327867
-1046.40012034	522.792477328
-1047.20037642	522.31631151
-1048.07425897	522.578234307
-1048.96710872	523.296734777
-1049.72108752	524.0406343
-1050.3919996	524.338111345
-1051.0865035	524.148838965
-1051.8037845	523.747637775
-1052.6475957	523.349759239
-1053.50975292	523.216903081
-1054.18046873	523.446778065
-1054.61245608	524.029739083
-1054.81208729	525.008409684
-1054.89016478	526.267346716
-1054.95460414	527.432931457
-1054.90160087	528.246003688
-1054.682385	528.506741816
-1054.19738015	527.96879128
-1053.40200144	526.758191585
-1052.40959511	525.050253735
-1051.38280708	522.963768368
-1050.21908408	520.823335809
-1048.87081705	518.788472357
-1047.34392119	516.962218933
-1045.74859972	515.705625174
-1044.34871311	515.161177477
-1043.40106335	515.414970526
-1043.10324531	516.289435814
-1043.33419333	517.245996154
-1043.76692886	518.020954347
-1043.97849529	518.670686712
-1044.02671262	519.250201082
-1044.02019416	519.969681174
-1044.16913975	520.825030165
-1044.52162775	521.864363658
-1044.96778298	522.50815898
-1045.2439399	522.140005763
-1045.19777804	520.73432108
-1044.99434256	519.049881154
-1045.05552712	517.825989224
-1045.58329523	517.417023795
-1046.35638226	517.69771723
-1047.00244374	518.284485991
-1047.31551836	518.69902436
-1047.46076083	518.841074176
-1047.80807431	518.978740789
-1048.50874015	519.320972358
-1049.29202643	519.705546772
-1049.78968602	519.869943229
-1049.90440934	519.81979115
-1049.80289612	519.456242974
-1049.49094516	518.683229908
-1048.86985028	517.511952361
-1048.15718979	516.319359026
-1047.7739818	515.420371479
-1047.76427053	515.121520938
-1047.90937171	515.40737667
-1047.94389289	515.792098915
-1047.81847684	515.90691998
-1047.38061755	515.811007233
-1046.63880599	515.091682996
-1046.01972917	514.549777977
-1046.04344942	515.069747047
-1046.43183544	516.30984382
-1046.70458966	517.361584271
-1046.550843	517.497111458
-1045.87726627	517.210774373
-1045.32537382	517.454972278
-1045.20614458	518.529452009
-1045.24692539	519.627425121
-1045.02516062	520.015401737
-1044.80933176	520.13002637
-1044.96551437	520.710556716
-1045.64078413	521.95367465
-1046.2981186	523.37057599
-1046.62372264	524.432794167
-1046.83525248	525.253543874
-1046.9355621	525.786366428
-1047.13673038	526.195448533
-1047.59292829	526.588482917
-1047.98337262	526.651919858
-1048.30954634	526.551389932
-1048.67756043	526.500621296
-1048.98149879	526.446181142
-1048.8567183	526.545264328
-1048.47149739	527.003156783
-1048.09451898	528.071837415
-1047.72588232	529.368555287
-1047.26104863	530.46810355
-1046.80751382	530.956544541
-1046.20839108	530.588138027
-1045.41560999	529.751912685
-1044.43479306	528.931671359
-1043.32384534	527.866171428
-1042.13923174	526.562713126
-1041.04059759	525.656298396
-1040.18333291	525.555770498
-1039.40470007	525.978631423
-1038.59846	526.492458671
-1037.81809777	527.094582021
-1037.06335654	527.939285721
-1036.17701767	528.86277976
-1035.26762157	529.81014182
-1034.59781306	531.146389063
-1034.26624713	532.808228272
-1033.9502472	534.576874738
-1033.49250335	536.448470973
-1032.94917164	538.523843063
-1032.3749959	540.639500383
-1031.61405175	542.165414103
-1030.46230562	542.906987403
-1029.19214521	543.407670108
-1028.17352688	544.301498194
-1027.60959593	545.734829163
-1027.48859921	547.483629203
-1027.74646289	549.277207808
-1028.21590145	551.165825514
-1028.73386819	553.093758969
-1028.98462351	554.797487493
-1028.66089042	555.915939862
-1027.67309544	556.359485648
-1026.14372578	556.250573306
-1024.14011902	555.447267287
-1021.88510017	554.23032089
-1019.75274957	553.082658203
-1018.10724119	552.160610936
-1017.0935979	551.459292235
-1016.53870645	551.026073583
-1016.32596276	550.802251093
-1016.23694632	550.835118161
-1016.11118153	551.222851295
-1015.84473696	551.799238903
-1015.38881839	552.506909635
-1014.85298349	553.499154767
-1014.39629376	554.925061848
-1014.12128106	556.720274356
-1014.02304304	558.560315038
-1014.25362347	560.338438235
-1014.75161487	561.846133921
-1015.30010328	562.985184765
-1016.00170685	563.817157237
-1016.59008188	564.349920967
-1016.96288942	564.5913543
-1017.12526218	564.601645435
-1017.18698537	564.54418916
-1017.25505263	564.316579804
-1017.2767238	564.028448349
-1017.40992843	563.838898616
-1017.70376767	563.902788098
-1018.15364073	564.52767056
-1018.65034294	565.646464472
-1019.24444442	567.088873045
-1019.82820004	568.845776196
-1020.40133078	571.012714442
-1021.12052526	573.473213606
-1021.92903461	576.113669857
-1022.50998441	578.195606567
-1022.81652942	579.471106352
-1023.01250635	580.327081328
-1023.2052392	581.088315815
-1023.49925235	581.861916688
-1023.89164467	582.595242392
-1024.32721581	583.184743904
-1024.59524899	583.477368193
-1024.3337272	582.905768434
-1023.6612947	581.6504141
-1023.21690468	580.619888966
-1023.0471853	580.123376855
-1023.04040628	580.200003757
-1023.24458146	581.305951116
-1023.60169602	583.100043914
-1024.21208849	585.249557239
-1025.12098997	587.430241761
-1026.21531257	589.483274454
-1027.22787505	591.515668927
-1028.00318809	593.37011566
-1028.33770159	594.841256246
-1027.98119976	596.2002089
-1027.21363018	598.077282139
-1026.25558597	600.144313269
-1025.32200854	601.924670448
-1024.36061688	603.006725353
-1023.32049891	603.356313418
-1022.04748566	602.888368538
-1020.81008809	602.148367707
-1019.9743719	601.929250392
-1019.68727278	602.584316979
-1019.51604249	603.567674098
-1019.35304465	604.45209889
-1018.93651316	605.083180264
-1018.16864497	605.467664123
-1017.37294004	605.769228672
-1016.55056752	605.885757005
-1015.54573419	605.874862714
-1014.52071524	605.792729625
-1013.4242889	605.484856012
-1012.31123398	605.376366422
-1011.23489213	605.671855054
-1009.98560352	605.994823995
-1008.67317627	606.501725718
-1007.45688596	607.554036782
-1006.38713045	609.241828737
-1005.40824453	611.390813951
-1004.67519387	613.360142636
-1004.12945568	614.735132427
-1003.71390036	615.687830496
-1003.32048595	616.281466609
-1002.79166823	615.95011739
-1002.13105824	614.875688897
-1001.39457624	613.654333988
-1000.79366761	612.448178381
-999.906391296	610.630366675
-998.583605305	607.800085854
-996.889617967	603.672298157
-995.044238928	599.121153755
-993.156986286	595.259714801
-991.282205074	592.438973296
-989.734349589	590.424491162
-988.924021275	589.30121866
-988.727417183	588.628090786
-988.709660731	588.027555432
-988.708697397	587.445751085
-988.723650037	587.353331692
-988.805977953	587.842097839
-988.796507211	588.73947673
-988.697243143	590.347950184
-988.614838196	592.543104436
-988.600839134	594.994147884
-988.705405154	597.535742136
-988.872684148	599.95454263
-989.048252561	602.04291756
-989.283742981	603.703566625
-989.367843237	605.051322056
-989.356452403	606.198258757
-989.408710443	607.14905522
-989.731871081	608.274611261
-990.370647031	609.98832701
-991.47299944	612.273887525
-992.711896826	614.90577614
-993.716480208	617.402601919
-994.33503645	619.191074791
-994.890932357	620.445815149
-995.542198431	621.808090099
-995.814924395	622.699133223
-995.404816231	622.817225557
-994.957659827	623.333849195
-994.317677707	623.506289873
-993.647174705	623.553131513
-992.999597402	623.425755596
-992.322343483	623.18155251
-991.825763618	623.190357193
-991.557632239	623.236695577
-991.668934523	623.372257094
-991.835623057	623.019551812
-991.899032553	622.401223646
-991.809353588	621.838888893
-991.308940715	621.017936095
-990.67030746	620.364525662
-989.84505362	619.665774731
-988.681542211	618.766693136
-987.450832155	618.039594078
-986.416922484	617.637656419
-985.732124872	617.971368861
-985.021378693	618.446007944
-984.233322033	618.429994727
-983.527235081	617.936373131
-982.744288239	617.50130504
-981.834479249	616.862179169
-980.696881837	615.606444575
-979.442611007	614.012825551
-979.017885606	614.138869939
-978.593160206	614.264914327
-978.168434806	614.390958715
-976.54176413	613.45061387
-974.993895312	612.187851963
-974.358120486	612.114787126
-974.588093017	613.348939594
-975.287661656	615.295655019
-975.791402937	617.160866736
-975.7025616	618.13635357
-975.33665595	618.20574659
-974.820725625	617.467396515
-973.820127727	615.957216262
-972.525616837	613.991631371
-971.455937724	611.758933191
-970.769653094	609.718082343
-970.339839191	608.084226757
-969.934620455	606.508921123
-969.277199666	604.548815714
-968.047663627	601.724586806
-966.322395202	598.069268295
-964.447078951	594.214011167
-962.753476843	590.981916713
-961.506221033	588.947319731
-960.635916445	588.122835458
-960.075860435	587.874737409
-959.600752982	587.80755759
-959.207726262	587.325841043
-958.947470071	586.550033503
-958.97559498	586.183107898
-959.442405913	586.584663176
-960.227457626	587.305132516
-961.161191161	587.962775418
-961.920599737	588.770905661
-962.510379205	590.147609263
-963.1464279	592.392088576
-963.774101584	595.055329966
-964.39313851	597.385633375
-964.687300464	598.601357785
-964.507706226	598.312765713
-963.815157429	596.562676189
-962.361607551	592.867753255
-960.431507803	587.861950175
-958.353863285	582.633960116
-956.343534637	577.979531588
-954.661755115	574.30483779
-953.614746147	571.899466882
-952.556910617	569.839368956
-951.488868206	567.958908789
-950.88249551	567.144132216
-950.673109188	567.157099164
-950.74520666	567.608796303
-950.933892776	568.277412434
-951.235603816	569.574898361
-951.908432329	571.901885922
-952.732531063	574.706022912
-953.441470889	577.396990285
-954.089828789	579.452468737
-954.573859218	580.416644333
-954.635722342	580.055664032
-954.076937894	578.247316333
-952.913890802	575.396680725
-951.476825256	572.265125086
-950.03522023	569.489659315
-948.799194394	567.428805803
-947.973231676	566.431214804
-947.808513748	566.992658414
-948.339925266	568.967036793
-949.496312416	571.792487859
-951.15562542	574.816566034
-953.146335677	577.665369833
-955.405843834	580.131907412
-957.716031133	582.276569441
-960.021472736	584.21078838
-962.11122412	586.095625661
-963.884710888	587.983343521
-965.348925984	590.186582004
-966.510934421	592.538562747
-967.534891988	595.295540699
-968.476103101	598.235734384
-969.283813139	600.986024959
-970.013397811	603.287911026
-970.718855793	605.361142542
-971.40045435	607.419932156
-972.006130671	609.515889187
-972.485245679	611.646927767
-972.945634452	613.549267272
-973.387628354	614.809164044
-973.811567518	615.390638416
-974.270151227	615.625606847
-974.919380763	616.046949364
-976.015743919	617.33050833
-977.33754489	619.348549875
-978.825801485	621.871475552
-980.475328349	625.041819307
-982.333333528	628.945606875
-984.340967479	633.404392354
-986.493193741	638.139377637
-988.627993761	642.617209814
-990.639988401	646.528160765
-992.374333921	649.937510476
-993.785161237	653.066268071
-994.828054289	655.815820807
-995.564722645	658.038101445
-995.846111626	659.746351284
-995.684422341	661.163206777
-995.196520843	662.400993861
-994.653439075	663.673895997
-994.109763142	665.295126049
-993.775637769	667.464757976
-993.69851769	670.010881755
-993.976751185	672.765847008
-994.548843066	675.56627559
-995.354700972	678.148400564
-996.126316565	680.360216038
-996.602740872	682.158645317
-996.791733864	683.606704556
-996.910371656	684.71367705
-997.065423375	685.541167726
-997.256169746	686.04469677
-997.272570276	686.076509008
-996.857881493	685.440707177
-996.076337636	684.208597007
-995.200029006	682.97324137
-994.493957378	682.155137672
-994.059065259	681.640186619
-993.784148359	681.055413182
-993.456145545	680.299243093
-992.91992605	679.325171894
-992.129199527	678.035709511
-991.1960124	676.754665578
-990.386515481	675.744997532
-989.907459827	675.367181236
-989.855292771	675.605539606
-990.114350328	676.287395926
-990.467139493	677.139637907
-990.649481369	677.843865839
-990.351920385	677.933170043
-989.221123192	676.900978056
-987.279798652	674.777918703
-984.969135268	672.274660945
-982.562044009	669.664954176
-980.11505191	667.11076553
-977.997081933	665.502140348
-976.514810118	665.338901032
-975.704827779	666.165066703
-975.497643154	667.692831255
-975.982093161	670.007640151
-976.773375375	672.773657418
-977.025726728	674.669583773
-976.54368208	675.246375119
-976.026752426	675.794051017
-975.528397918	676.208737456
-974.472895432	675.552351473
-973.084675107	674.481513116
-972.105648433	674.420635287
-971.420991854	675.291348839
-970.866352144	676.545850543
-970.490830141	678.068913694
-970.289798103	679.643525925
-969.944745926	680.69214281
-969.40716438	680.757343988
-968.786886798	680.179072014
-968.400179305	679.811950699
-967.927108176	679.38950462
-966.742289442	678.129120789
-965.283454831	676.62936737
-963.872436214	675.159413275
-962.717966611	674.138268699
-962.127745343	673.816695214
-962.29638685	674.647630642
-962.942062381	676.338963567
-963.685364989	678.030187267
-964.627579217	679.720336282
-965.919534754	681.827000579
-967.341704383	684.285764038
-968.366364061	686.24898665
-968.950720258	687.623966347
-969.628873793	688.896309023
-970.13621059	689.70200054
-970.31979957	689.582263376
-969.821697715	687.986348331
-969.078503047	685.843697485
-968.358620438	684.059786447
-967.923406599	682.731411712
-967.556355036	681.324720895
-966.889630207	679.319847752
-966.088353839	677.047918263
-965.208788191	674.622290434
-964.462706305	672.571922106
-963.951609773	670.783868198
-963.669544477	669.252539213
-963.872110821	668.233842192
-964.389378856	667.662724392
-965.578780379	668.417135757
-967.212497523	669.990985156
-968.702194523	671.629294094
-970.259753982	673.329198714
-971.777621512	675.087898424
-973.308053706	677.007282504
-974.640395971	678.663364652
-976.197427451	680.480475428
-977.919918767	682.557884146
-979.436223422	684.521294582
-980.593842713	686.320193374
-981.558422213	687.957848703
-982.43911569	689.385271354
-983.551546844	691.339620101
-984.627490298	693.125971129
-985.562717012	694.590853643
-986.51740294	695.951252674
-987.542906773	697.31394341
-988.427641125	698.730609332
-988.704099762	699.571490595
-988.597510637	699.746849545
-989.007546885	700.529905575
-989.76371833	701.433812451
-990.071996125	701.251994698
-989.787197891	699.804151067
-989.34379698	698.014143494
-989.217314883	696.83418461
-989.085903166	695.7263454
-989.106943292	694.846753754
-989.642836651	694.713455495
-990.418383014	694.784138949
-991.426981255	695.158280303
-992.295857322	695.304780049
-993.080602368	695.229720494
-993.992361631	695.828497494
-994.556608158	696.089339465
-994.88692379	696.021127601
-995.094087484	695.266550133
-995.547631078	694.5766881
-996.031802167	693.950530492
-996.650349243	693.753220363
-997.713466631	694.183093393
-998.999797952	694.909719396
-1000.08438074	695.50648043
-1000.76277797	696.028834321
-1001.04544939	696.060030868
-1000.94286361	695.403822326
-1000.77936059	694.288076241
-1000.55695172	692.830379996
-1000.225313	691.250086216
-999.997066073	690.336307607
-999.765307285	689.758444478
-999.530545995	689.141976173
-999.345582076	688.331444521
-999.157162553	687.280207046
-998.808794142	685.995307318
-998.095866655	684.169871147
-997.394807736	682.551665356
-996.549042773	681.136338218
-995.667740683	679.971793525
-995.22341012	679.575298201
-995.571247586	680.240779633
-996.376522821	681.521346456
-997.156004064	682.719815685
-998.38076178	684.41283521
-999.933801498	686.586205913
-1001.3871	688.59804138
-1002.48086322	689.875712699
-1002.96236734	689.966748038
-1002.89982152	688.954496301
-1002.30772334	686.973214448
-1001.61905948	684.572811302
-1000.88935191	681.975190843
-1000.22499382	679.344233243
-999.572592261	676.682569034
-998.880125536	674.09736013
-998.201570373	671.535926521
-997.58946539	669.051531369
-996.8856608	666.48669665
-996.250071149	664.001957711
-995.83836488	661.753554623
-995.488090178	659.68418565
-994.88405312	657.476325378
-994.242603623	655.500890998
-993.72213381	653.909653463
-993.476795201	652.797806719
-993.60419103	652.257701472
-993.885227569	651.855734918
-994.368000805	651.64036858
-994.889960635	651.29248127
-995.397415873	650.658340254
-995.942725187	650.111571118
-996.629173061	650.015967041
-997.452626929	650.150049817
-998.252039134	650.193358369
-999.0275441	650.147770281
-999.570051115	649.753625202
-999.989992086	649.38606565
-1000.39500435	648.991904396
-1000.62836102	648.362430086
-1000.85143743	647.817689086
-1001.27370962	647.512358058
-1001.83747127	647.492275177
-1002.27717923	647.592633298
-1002.54358211	647.862113941
-1002.79809511	648.400332354
-1003.09329554	649.251812318
-1003.3757323	650.355087543
-1003.48873748	651.28395784
-1003.33217457	651.83277463
-1003.38415618	652.58625483
-1003.74394601	653.590566556
-1004.35105393	654.785889555
-1004.98946284	656.009233592
-1005.34416581	656.840315588
-1005.68404499	657.497904043
-1006.16633705	658.40443897
-1006.89175547	660.023465355
-1007.74896203	662.178168608
-1008.47250877	664.382138249
-1008.96093508	666.318632863
-1009.01098233	667.784051698
-1008.68658511	668.894363953
-1008.46876802	670.076658875
-1008.66894938	671.746823203
-1009.22390918	673.78641359
-1010.07183103	676.289105187
-1011.15231556	679.607396865
-1012.45870411	683.03777856
-1013.67049138	685.947431806
-1014.58026674	688.348268115
-1014.98627369	689.833787426
-1015.00627517	690.584242253
-1014.65060034	690.984955468
-1014.03419173	691.045229339
-1013.58303303	691.035922481
-1013.24101588	691.063908676
-1013.05803451	691.44248035
-1013.1871805	692.16260122
-1013.62037479	693.319853649
-1014.45415958	694.902389968
-1015.52070938	696.218316713
-1016.34255822	696.960233977
-1016.92573187	697.561579637
-1017.433215	698.182990988
-1017.86684902	698.980889066
-1018.2807957	699.688976037
-1018.25699991	699.524856264
-1017.9117796	698.825783744
-1017.25400381	697.5020487
-1016.44945556	695.937518141
-1015.50272809	694.192274481
-1014.88919044	692.638793624
-1014.60070526	691.273442063
-1014.5244783	690.144824948
-1014.65513328	689.090825533
-1015.09191032	688.215052302
-1015.56504763	687.095124237
-1015.8641317	685.424484301
-1016.2551968	683.846588106
-1016.94494356	682.726396663
-1017.82058275	681.738903472
-1018.71984109	680.776738623
-1020.00781503	680.415371232
-1021.30741041	680.220832464
-1022.09446908	679.508815709
-1022.59130309	678.607218612
-1022.80537124	677.783169683
-1023.11032996	677.19211392
-1023.60843207	676.985252503
-1023.82367792	676.524858484
-1023.92047531	676.131693769
-1024.00670023	676.222702346
-1024.18741044	676.942012621
-1024.19865483	677.540226029
-1024.09738045	677.967713787
-1024.09605723	678.49015566
-1024.29689439	679.313912153
-1024.69465457	680.378180911
-1025.02253311	681.309719723
-1025.02075528	681.588223692
-1024.85507694	681.596792738
-1024.73934135	681.970265417
-1024.82944238	682.803489433
-1024.91085427	683.613072794
-1024.8269784	684.242175883
-1024.32079937	684.328950375
-1023.56081816	684.253784456
-1022.86823175	684.125665821
-1022.39883157	683.946139487
-1022.1472221	683.925993578
-1022.1079841	684.218072861
-1022.06643167	684.70943836
-1022.12737012	685.44690779
-1022.23584955	686.475909003
-1022.33832271	687.788175946
-1022.33033397	689.061599419
-1022.52874045	690.557986751
-1022.98039961	692.322909953
-1023.36457647	694.08670728
-1023.68285629	695.796051482
-1023.83220817	697.50370226
-1023.97398277	699.261066795
-1024.31762899	701.065885346
-1025.11928853	702.968262631
-1026.15726931	705.016950277
-1027.26783698	706.997784485
-1028.2915053	709.016157413
-1029.12535089	710.86082779
-1029.72160402	712.326228606
-1030.1385485	713.474023737
-1030.38076329	714.259876783
-1030.29589455	714.588561241
-1029.9973674	714.472290176
-1029.70040963	714.080201741
-1029.24841762	713.26331133
-1028.38435681	711.615245092
-1027.11975691	709.211631071
-1025.62304604	706.388172353
-1024.11069579	703.41971811
-1022.68887005	700.783220358
-1021.51317494	698.681295333
-1020.63032001	697.153890378
-1020.13787787	696.08252215
-1020.13057848	695.822270817
-1020.49107305	696.404459814
-1021.20945047	697.858995344
-1022.22350231	700.005146804
-1023.31551513	702.300260523
-1024.06418298	703.90193263
-1023.79791658	703.781068693
-1023.0666163	702.976931312
-1022.56305896	702.606699328
-1022.02009406	702.397870402
-1021.43914093	702.032632297
-1020.82159804	701.567778016
-1020.53503258	701.47717803
-1020.41402472	701.541965416
-1020.3496732	701.65350987
-1020.44513553	701.862926698
-1020.53919383	701.801421419
-1020.52716353	701.110037142
-1020.67336573	700.276651086
-1020.71196813	699.305647439
-1020.4364834	698.096748558
-1019.69836001	696.500133735
-1018.98100735	695.154843117
-1018.54591144	694.369117491
-1018.22900475	693.605710324
-1018.02735999	692.864526745
-1017.83341518	692.040819774
-1017.54241419	690.875689005
-1017.4709105	689.954238816
-1017.29926497	689.113697994
-1017.08246017	688.509358877
-1016.82175805	687.821457147
-1016.62304205	687.104833481
-1016.58937967	686.831408548
-1016.55946035	686.780370744
-1016.58544325	687.050404368
-1016.61345964	687.318886955
-1016.43411208	687.376270699
-1016.36675746	687.646401098
-1016.25150322	687.391008715
-1016.14192488	686.990083356
-1016.0901924	686.813776743
-1016.0947575	686.803893682
-1015.99713503	686.851331453
-1015.95693643	687.163681591
-1016.07724512	687.524420748
-1016.30139789	687.774977015
-1016.83570931	688.284142558
-1017.41006936	688.992385985
-1017.70910353	689.580040702
-1017.79208209	690.415969574
-1017.82150925	691.231471031
-1018.00799167	692.18340659
-1018.39957959	693.215203827
-1018.72904893	694.06248076
-1019.05009417	694.729484319
-1019.20576613	695.482057191
-1019.09565604	696.108224076
-1018.93604856	696.40165588
-1018.72835221	696.318603029
-1018.47396938	696.339857744
-1017.96504299	696.253492061
-1017.36551727	696.271698736
-1016.78278974	696.444104856
-1016.32142631	697.02818151
-1016.08316239	697.855874462
-1016.06228225	698.815676154
-1015.83456032	699.223474297
-1015.51014246	699.30277335
-1015.14404565	699.062215949
-1014.68524661	698.876632508
-1014.18874223	698.90175183
-1013.70811043	698.922884907
-1013.24319623	698.9925235
-1012.84614356	699.057124485
-1012.61999126	699.273799394
-1012.45570629	699.481564915
-1012.19474939	699.628282266
-1012.04898588	700.44791472
-1012.0154047	701.503871546
-1011.77711713	702.056950825
-1011.54879804	702.538539769
-1011.64412429	703.107235214
-1011.89752302	703.760491512
-1012.19995844	704.600403215
-1012.60215838	705.621646121
-1013.25808774	707.23742315
-1013.79438663	708.960407198
-1014.00449779	710.525219687
-1014.41988837	712.405942376
-1015.19179517	714.383990557
-1015.99644142	716.141831266
-1016.83238892	717.684298887
-1017.54129195	718.859338754
-1018.49218073	720.303845418
-1019.67808574	722.21937497
-1020.93513306	724.226455969
-1021.94676743	726.217068408
-1022.61415934	728.033743112
-1022.94594867	729.837155175
-1022.95079488	731.522243672
-1022.68967674	733.091425595
-1022.16984896	734.39021559
-1021.76474071	735.529939087
-1021.57635596	736.619131495
-1021.80849413	738.129722117
-1022.29313242	739.579373547
-1023.0234064	740.969236765
-1023.83552684	742.248173626
-1024.72688121	743.471097768
-1025.64256942	744.429969335
-1026.42449817	745.183946829
-1027.07575589	745.790787012
-1027.75639182	746.463775852
-1028.36069198	747.096691674
-1028.8903955	747.481489801
-1029.39956826	747.781927621
-1029.73163007	747.843652232
-1030.10041589	747.67344423
-1030.66183027	747.487307085
-1031.20137617	747.338648565
-1031.61481361	747.070183279
-1031.90534854	746.685745665
-1031.91925312	745.87525498
-1031.76857943	744.755523066
-1031.82412386	743.963624985
-1031.76676342	743.282702492
-1031.70430071	742.91996883
-1031.68940333	742.920031907
-1031.25019273	742.279802928
-1030.08436466	740.441373495
-1028.31652296	737.751568082
-1026.38228676	734.54869473
-1024.4967097	731.371766901
-1022.86914743	728.588676611
-1021.28475811	725.82497185
-1019.90044827	723.291368409
-1018.60728577	720.774352668
-1017.4560375	718.746004773
-1016.33908154	717.247164985
-1015.36081926	716.055633567
-1014.51817999	715.268659984
-1013.7557502	714.823709299
-1013.12412323	714.711945192
-1012.67246708	715.133777127
-1012.44852984	716.07474956
-1012.49864691	717.468120785
-1012.76312393	719.196286841
-1013.23599596	721.092202391
-1013.70206557	723.045422602
-1014.10872079	724.791450811
-1014.45709327	726.334457122
-1015.00990195	727.940243378
-1015.60435709	729.658392215
-1016.02959819	731.327887995
-1016.23735155	732.739678373
-1016.33770806	733.847327561
-1016.54258642	734.658164123
-1016.90135405	735.284176152
-1017.4096718	735.886876165
-1018.16784322	736.832827287
-1019.0118192	738.060266759
-1019.57254494	739.090358785
-1019.80471171	739.718512749
-1020.1875668	740.321227239
-1020.82153048	741.212863728
-1021.59497548	742.280859853
-1022.18985613	743.101606136
-1022.66277538	743.576637391
-1023.06895155	743.714940816
-1023.3052745	743.525506608
-1023.37608232	743.121941015
-1023.49497047	742.61501832
-1023.9222264	742.217299185
-1024.54492299	741.821814075
-1025.25295582	741.21975013
-1025.93905021	740.312513754
-1026.60338979	739.370478108
-1027.35080499	738.500008048
-1028.02177114	737.699987991
-1028.35637498	736.969261729
-1028.31099885	736.515887865
-1028.00037441	736.385332824
-1027.64104016	736.569323146
-1027.28695696	736.902637433
-1026.99066057	737.22427234
-1026.75094944	737.377448146
-1026.51429244	737.157295166
-1026.2285494	736.835381478
-1026.05222333	736.72855012
-1025.72108366	736.779007152
-1025.13485324	736.721104187
-1024.66686524	736.610093907
-1024.10515015	736.290566607
-1023.55721601	736.082136478
-1023.18005057	736.139033572
-1022.91715281	736.297384702
-1022.92266346	736.554470239
-1023.18955911	736.750635321
-1023.4492519	736.782760279
-1023.75406664	736.916730666
-1024.05030678	737.306779408
-1024.18106584	737.945987808
-1024.20291448	738.879761934
-1024.1710221	740.047497897
-1024.19146562	741.02383785
-1024.21057064	741.813207064
-1024.07144158	742.629313721
-1023.72602334	743.523330421
-1023.12765949	744.283483801
-1022.38802338	744.91289831
-1021.77289394	745.623970346
-1021.43637118	746.518865105
-1021.26675296	747.644642236
-1021.15513583	748.837728565
-1021.2046734	749.991110909
-1021.30645508	751.000619817
-1021.406697	751.921865947
-1021.40071301	752.442889469
-1021.39588413	752.678685142
-1021.33984379	752.793755946
-1021.18163172	752.791445434
-1020.97631781	752.884338877
-1020.67293657	752.913196811
-1020.37886006	753.089175153
-1020.14632769	753.408545678
-1019.86922588	753.867573715
-1019.49655753	754.357897881
-1019.08334832	754.983222986
-1018.57858165	755.582884654
-1017.88032032	755.843505279
-1017.15098606	755.826337121
-1016.49644992	755.852788215
-1016.12437549	756.078883429
-1016.07984768	756.447168644
-1016.09266021	756.587712878
-1016.00426178	756.454299064
-1015.86957393	756.263672331
-1015.63748942	756.226940086
-1015.25830629	756.23569277
-1014.73603715	756.079692053
-1014.12699869	755.658934675
-1013.48608852	755.137775239
-1012.81446938	754.467075206
-1012.06097341	753.703697471
-1011.3327582	753.112317298
-1010.83877614	752.741296219
-1010.41614962	752.428309619
-1010.06314477	751.962914749
-1009.77802061	751.506461889
-1009.55903184	750.902185854
-1009.45674447	750.311392211
-1009.41569454	749.838831637
-1009.59108011	749.586419094
-1009.82001406	749.391674353
-1009.94383977	749.253259394
-1009.96507155	749.065201199
-1009.99086218	748.82895588
-1010.07324985	748.650596929
-1010.15825022	748.476438948
-1010.35023304	748.411132732
-1010.48920344	748.138008376
-1010.57633428	747.610387841
-1010.6651228	746.887613285
-1010.65073169	746.079914753
-1010.53576856	745.242372469
-1010.42747179	744.585571072
-1010.32564481	743.843629085
-1010.43934394	743.019232744
-1010.86738092	742.219669467
-1011.33957646	741.54938949
-1011.74973626	741.371572144
-1012.15143709	741.464099459
-1012.59686994	741.66278571
-1013.293778	741.859982617
-1014.13042635	741.898552236
-1014.84097991	741.625584513
-1015.21897473	740.997016815
-1015.37747195	740.231750717
-1015.32211098	739.4384231
-1015.16316254	738.565898624
-1015.06039747	737.721361922
-1015.16936495	736.956848466
-1015.58908181	736.427590124
-1016.15419402	736.075331216
-1016.8082039	735.895522694
-1017.33910052	735.517420704
-1017.69745517	735.050935222
-1018.04451393	734.707786776
-1018.38038006	734.327876869
-1018.65285422	734.121508997
-1019.02040343	734.345674603
-1019.4280349	734.884151316
-1019.87448415	735.728170671
-1020.30618539	736.659741889
-1020.67099062	737.571160294
-1020.91816873	738.357573644
-1021.05071559	738.864667315
-1021.0193185	738.837750617
-1020.7760697	738.34305879
-1020.48371188	737.75930205
-1020.14381975	737.4030272
-1019.81026537	737.477706761
-1019.3262471	737.814993462
-1018.64378798	737.936884889
-1017.87323336	737.639605572
-1017.17440302	737.19582497
-1016.65055776	736.766553982
-1016.14055624	736.403949668
-1015.69670378	736.211064961
-1015.21294286	736.183507703
-1014.63832291	736.159944426
-1014.08022006	736.087886379
-1013.4339286	735.9685666
-1012.85909859	735.698594183
-1012.40651741	735.282014206
-1012.02092311	734.775179061
-1011.64844541	734.233025115
-1011.34123442	733.709069595
-1011.09771264	733.360035478
-1010.86398267	732.867600348
-1010.58754777	732.235742515
-1010.32193818	731.573053924
-1010.06696082	730.828360537
-1009.7177919	730.004188413
-1009.3816651	729.259981918
-1009.11068338	728.646321548
-1008.85091175	728.160050549
-1008.54981586	727.58874661
-1008.2608884	727.144102267
-1007.93158584	726.718300744
-1007.510765	726.154015848
-1006.89636869	725.664321283
-1006.30301795	725.352034052
-1005.83507138	725.160214678
-1005.64637525	725.085640894
-1005.52036018	724.915842559
-1005.19376469	724.653229505
-1004.67192019	724.457154684
-1004.01246642	724.168879138
-1003.37625217	723.790820986
-1002.76295566	723.27308508
-1002.11992684	722.724116354
-1001.44821949	721.987976165
-1000.85349844	721.122182825
-1000.17703829	720.182832988
-999.473568272	719.276910121
-998.848710525	718.508564336
-998.19600988	717.874488417
-997.307183188	717.109794875
-996.345744994	716.53205338
-995.523286215	716.136511063
-994.731876462	715.918407678
-993.866377644	716.029921454
-993.03369732	716.357457305
-992.390227442	716.685623024
-991.931189351	717.01392455
-991.547169381	717.184954706
-991.183874898	717.202485155
-990.788419236	717.070305938
-990.361635389	716.739906264
-989.956669712	716.582689882
-989.677575707	716.698659166
-989.416345197	716.871133904
-988.858533209	717.0983209
-988.012007885	717.326130963
-987.093883137	717.71115017
-986.263323151	718.2488288
-985.518319306	718.934640636
-984.856847842	719.607149328
-984.172247645	720.109167076
-983.517598399	720.235440329
-982.996878986	719.995612146
-982.501999198	719.503961393
-981.979989729	718.924265667
-981.43159818	718.468386862
-980.909883035	718.080985623
-980.414181845	717.865054993
-979.943830261	717.868456518
-979.550475992	717.876080279
-979.336674754	717.783068837
-979.24523644	717.435068405
-979.325011522	716.995820379
-979.623459503	716.467905152
-979.977403299	716.010831487
-980.227908773	715.675253736
-980.534163638	715.405784923
-980.789600425	715.148437521
-980.94280062	714.589061485
-980.996087024	713.631186266
-980.951801315	712.49501522
-980.707673925	711.604354907
-980.2165688	711.005546805
-979.694322247	710.324999774
-979.351143763	709.51282291
-979.182363323	708.572828011
-979.078684308	707.718058763
-978.985938945	707.1036017
-978.851372657	706.618743383
-978.728270108	706.20788271
-978.668517493	706.026069841
-978.670289868	706.224137316
-978.784084227	706.582518285
-978.902064862	706.991912211
-979.076159924	707.293541554
-979.252281471	707.542122666
-979.587014791	707.686363331
-979.761929903	707.676396073
-979.88555209	707.568399545
-979.958985818	707.521782233
-979.931035369	707.639429676
-979.751920567	707.75985997
-979.53021144	707.621193698
-979.267042634	707.439405922
-978.911234769	707.163289847
-978.674575482	706.899983656
-978.60628745	706.858438896
-978.701873978	707.085046338
-978.695278723	707.520172397
-978.327481531	707.948666218
-977.869623545	708.474898515
-977.533500915	709.095827119
-977.577592449	709.703810092
-977.730217265	709.880166984
-977.93598052	709.84524039
-978.088592534	709.70913763
-978.189214249	709.579158383
-978.239018932	709.559790795
-978.18687695	709.438834194
-978.035384466	709.218962725
-977.944080201	709.007475479
-977.911348942	709.065795634
-978.040203517	709.491378253
-978.326225188	710.012683955
-978.765005536	710.469844149
-979.456777965	710.968792846
-980.185109579	711.403422153
-980.89615666	711.565829292
-981.537511387	711.463001223
-982.26745205	711.049619164
-982.926190268	710.281766336
-983.358181358	709.16922926
-983.778311366	707.669453889
-984.186610447	705.741251304
-984.37387211	703.763287564
-984.241150036	701.842760705
-984.05850393	699.822425825
-983.827396987	697.601501784
-983.549283953	695.395828761
-983.173296594	693.363241812
-982.754586004	691.55266547
-982.29457038	689.9069322
-981.79465177	688.265602482
-981.256214943	686.943224638
-980.785252198	685.827371184
-980.537239413	684.913021471
-980.506482369	684.29976021
-980.739592384	684.136662631
-981.020212133	684.254710676
-981.294554133	684.541430651
-981.71950008	684.939498381
-982.186163839	685.497652761
-982.69311243	686.054011494
-983.343557077	686.607886767
-984.028666628	686.844752695
-984.590131348	687.03399407
-984.926194459	687.281057099
-985.04255471	687.636287848
-984.944921442	688.096338838
-984.95288355	688.344012877
-984.959090226	688.436764478
-984.911311657	688.535291188
-984.863346911	688.639152451
-984.710647278	689.009487884
-984.508408999	689.795801427
-984.310415562	690.934155183
-984.116723112	692.414369186
-984.032004659	694.383254433
-984.315053342	696.512654199
-984.903755353	698.378296517
-985.68509872	699.567234018
-986.444276698	700.410212679
-987.076756244	701.07265422
-987.533153462	701.820421531
-987.97476187	702.650810503
-988.454047527	703.561142394
-988.70820647	704.496453341
-988.795351078	705.193962893
-988.876819337	705.659510595
-988.952793721	705.689704746
-988.971141955	705.400662465
-988.933447734	705.219562783
-988.9459165	705.091510677
-989.0596246	704.753751498
-989.219613441	704.107483919
-989.267703483	703.318263079
-989.259183602	702.547399652
-989.300247931	701.585764766
-989.23271122	700.543694828
-989.00722645	699.476364554
-988.88972245	698.22825122
-988.720586998	696.543380781
-988.501353624	694.43432268
-988.233546031	692.279775315
-988.023302311	690.186961367
-988.026250433	688.469469567
-988.289166949	687.013883832
-988.648169529	685.657230045
-989.152850342	684.240705382
-989.58984305	682.766622016
-990.0129824	681.28956496
-990.265459769	679.862673021
-990.351632881	678.485326862
-990.275865169	677.418434547
-989.990206425	676.758905858
-989.605043434	676.548505853
-989.175625446	676.879901702
-988.703465836	677.372145513
-988.294684715	677.81109485
-987.947946067	678.249828736
-987.504957821	678.740054895
-986.968567294	678.91360544
-986.341604094	678.935310821
-985.679189989	678.861181582
-985.191956871	678.327334577
-984.823327548	677.555174763
-984.570425705	676.917418845
-984.430362886	676.724619656
-983.981739796	676.912699108
-983.07595903	677.471303859
-981.882501305	678.337788624
-980.82816549	679.450947554
-980.119217101	680.80333786
-979.69470183	681.864440724
-979.338110523	682.484038924
-978.890857272	682.830056105
-978.355503083	682.909292323
-977.7869117	682.937818453
-977.343154451	683.17840671
-976.864195886	683.886810529
-976.298832442	684.893268985
-975.806507153	685.561451382
-975.28087022	685.742745596
-974.618371891	685.658973092
-973.87520025	685.31709242
-973.001496643	685.142564171
-971.948788962	685.235720076
-970.826925999	685.380199778
-969.690604508	685.365268788
-968.7500241	685.456636599
-968.052794878	685.808363031
-967.488160731	686.204107625
-967.105101752	686.694729635
-966.794246951	686.858883205
-966.55366102	686.495733814
-966.433724077	685.93320288
-966.431103377	685.543081064
-966.490162752	685.268799728
-966.556684743	685.159807467
-966.630185488	685.316451867
-966.710196631	685.731642168
-966.848578093	686.189043567
-967.043487024	686.425645673
-967.136158783	686.44704623
-967.233627096	686.363478377
-967.492442861	685.916175891
-967.751078427	685.114959503
-967.956866885	684.38813687
-967.953939778	683.681929697
-967.747599281	682.943938907
-967.552407711	682.280084891
-967.420369025	681.53188847
-967.349770156	680.702002915
-967.077336702	679.740744553
-966.45145079	678.495182444
-965.690897883	677.339699281
-964.904201973	676.586489016
-964.144743884	676.120775883
-963.307540004	675.935200021
-962.395023581	675.708515418
-961.514232241	675.127908451
-960.71705689	673.993622154
-959.897022722	672.634636193
-959.002759752	671.266840916
-957.879658645	670.04815273
-956.848120648	669.079919882
-956.063149144	668.408334183
-955.518568954	668.078159307
-954.946625542	668.185055528
-954.348148891	668.560310324
-953.828588694	668.987131677
-953.385951756	669.14974983
-953.070553991	669.159357799
-952.774366699	669.333608692
-952.496801101	669.667860059
-952.289585977	669.948235796
-952.150737365	670.018816447
-952.078279024	670.146421992
-951.965618966	670.64317265
-951.761300522	671.18501763
-951.624534241	671.404051211
-951.553383561	671.256109219
-951.545921028	670.698448367
-951.600230528	669.637419056
-951.609783542	668.296045376
-951.523189951	667.153263369
-951.133539214	666.413756905
-950.605740722	666.014991434
-949.995860584	665.895819875
-949.358552378	665.891870106
-948.799367168	666.104556167
-948.316408948	666.527866814
-947.907773787	667.103496397
-947.571552924	667.460692717
-947.305835699	667.657073221
-947.108712338	667.434994752
-946.978276591	666.857732172
-946.860315304	666.353344908
-946.911280421	665.972447398
-947.126478641	665.711924969
-947.501231418	665.56865674
-947.821629063	665.696459113
-948.245598516	666.035684665
-948.769936134	666.632729964
-949.339151919	667.42798144
-949.899190538	668.363260463
-950.397432234	669.277204183
-950.887317507	670.221957439
-951.316282237	671.30061197
-951.580879648	672.456549797
-951.842059912	673.58228816
-952.099634801	674.625512167
-952.353431001	675.639980344
-952.498663725	676.730397395
-952.590310873	677.841755358
-952.786580543	678.920489358
-953.189159922	679.809851533
-953.687685287	680.618909323
-954.174621321	681.663199295
-954.597577169	682.779035221
-955.010213331	683.806977904
-955.360176934	684.591837032
-955.753475556	685.191918664
-956.241007625	685.664143445
-956.819968705	686.064039105
-957.435259676	686.341109454
-958.190146423	686.498580297
-959.13279385	686.644302587
-960.205362655	686.830999093
-961.299138684	687.057669118
-962.203629065	687.427933997
-962.870936702	687.833351094
-963.411537061	688.220604029
-963.933114582	688.694724734
-964.488244453	689.410251709
-965.128109471	690.412889388
-965.850188038	691.43307542
-966.495036177	692.208298817
-966.95975699	692.796977475
-967.248905134	693.308453437
-967.262417847	693.744641605
-967.112295713	694.212088342
-966.960033313	694.448342099
-966.753643634	694.511857757
-966.494843118	694.511993008
-966.446896678	694.398345237
-966.447522978	694.331154996
-966.286333578	694.204865634
-966.020117597	694.021341134
-965.704246042	694.043993012
-965.392668185	694.058372513
-965.033284288	693.907953414
-964.575382164	693.649665747
-964.178887535	693.286705125
-963.947176078	692.874559993
-963.87616843	692.833480722
-963.857146977	693.206262223
-963.784198163	693.406529184
-963.606527548	693.38649668
-963.27473993	693.309035678
-962.950087247	693.228167083
-962.632652423	693.144182784
-962.374816827	692.952737934
-962.279855901	692.604599956
-962.291285047	692.31349145
-962.354019936	691.973617346
-962.414380656	691.952791629
-962.263154897	692.242783898
-962.010629244	692.573792953
-961.607334665	692.892300171
-961.109822577	693.250824944
-960.7301623	693.491236413
-960.517845282	693.355000774
-960.416318059	693.061428857
-960.318111932	692.876513158
-960.484755776	692.693013764
-960.909185933	692.301862725
-961.322781433	691.604226211
-961.516276222	690.922564486
-961.442979146	690.100060904
-961.109924283	689.297962452
-960.6810815	688.411702872
-960.211567011	687.496432868
-959.598137231	686.658176854
-958.844967382	686.157053582
-958.060836471	685.932248555
-957.142434993	685.924335285
-956.146175071	685.709095718
-955.074719339	685.082805981
-953.930696797	684.108921323
-952.9782655	682.954096836
-952.160643447	681.728426063
-951.370111607	680.434527157
-950.501737752	679.074977178
-949.40106519	677.861562315
-948.33633176	676.791153031
-947.464092226	675.651330867
-946.727404688	674.653770063
-946.07071046	673.638301655
-945.492152705	672.815135873
-944.989861931	672.179584792
-944.509646356	671.726942106
-944.155651768	671.400177778
-943.924582811	671.039037343
-943.76083087	670.696734367
-943.557883753	670.425077308
-943.264359	670.222157296
-942.987223045	670.190694582
-942.778320874	670.325979289
-942.688094549	670.571000701
-942.660959873	670.974797041
-942.642746656	671.585023217
-942.737639631	672.081765759
-942.890085852	672.258201423
-943.045952527	672.279346567
-943.152528788	672.306018607
-943.210838294	672.337890939
-943.274231897	672.479272582
-943.394667481	672.727046358
-943.518083979	673.130421586
-943.539526189	673.789532702
-943.409175401	674.64478794
-943.183253088	675.585719306
-942.864266093	676.40008125
-942.559346731	676.776662944
-942.320500455	676.883534662
-942.198324434	677.041507525
-942.294323055	677.353717274
-942.602568534	677.815871981
-943.012519111	678.319067703
-943.416462648	678.809542609
-943.866458728	679.18264714
-944.308558103	679.336560952
-944.794865596	679.276913824
-945.2191645	679.218592802
-945.478071515	679.056984612
-945.471033787	678.533344737
-945.257260901	677.448260387
-944.78993477	676.078735388
-943.971324729	674.590082083
-942.75880898	672.934095881
-941.320395457	671.168549772
-939.924461714	669.297440605
-938.570746958	667.58626909
-937.258944714	666.293447662
-935.98870565	665.461056496
-934.655014457	665.077419665
-933.103315492	664.973902718
-931.287855193	664.829145252
-929.425803625	664.591790039
-927.624030126	664.368830269
-925.986538921	664.107513233
-924.56215994	663.704181731
-923.293648498	663.267242183
-922.282069188	662.797661562
-921.521022986	662.401027963
-921.00409359	661.918548974
-920.672544416	661.352583127
-920.364420121	660.967047501
-920.078928232	660.704947405
-919.919911777	660.510691153
-919.883788124	660.434720626
-919.862363531	660.47376493
-919.802586226	660.729188518
-919.652828509	661.247246441
-919.258258941	662.020497174
-918.729839037	662.936904055
-918.175723891	663.625715389
-917.753569949	663.935310274
-917.512190263	663.927568733
-917.289743743	663.662984674
-916.92861373	663.252966326
-916.484660173	662.701482557
-915.960029388	662.274058012
-915.461494622	662.072239446
-914.988391214	661.985502943
-914.435427693	661.90613448
-913.857061446	661.676921363
-913.410967691	661.197183283
-913.09366391	660.421361522
-912.901668802	659.566856206
-912.831507108	658.531548104
-912.775088335	657.320729805
-912.731772824	655.939663639
-912.543997197	654.550514639
-912.163054163	653.101939516
-911.593963683	651.543959286
-910.946373325	649.880271045
-910.379428128	648.271465789
-909.995736893	646.716932986
-909.895093392	645.268330704
-909.965231715	643.975870901
-910.096708709	642.940637439
-910.23522302	642.208562063
-910.223273105	641.876465757
-910.116844557	641.881413964
-909.918219146	641.952634015
-909.629688819	641.983338234
-909.305864878	641.869572014
-908.999956454	641.51021169
-908.763769093	640.859271451
-908.490766622	639.76754988
-908.338792203	638.142367648
-908.199912428	636.05077187
-908.021324495	633.662988556
-907.856264402	631.040344371
-907.756569318	628.504257545
-907.720365007	626.210702274
-907.850411916	624.468306619
-908.089732646	623.420270882
-908.435084721	622.996292133
-908.83093338	623.075150281
-909.118547127	623.433823992
-909.300373689	623.750319351
-909.274255536	624.077305926
-909.150112951	624.256836667
-908.982751008	624.344470737
-908.720947762	624.394395077
-908.471827195	624.40710713
-908.339701729	624.330817677
-908.373759814	624.219792537
-908.517162468	624.179225572
-908.76679829	624.259205949
-908.962630603	624.560751179
-909.158106669	624.868215615
-909.300657532	625.285483433
-909.339133527	625.913660264
-909.380740669	626.589511868
-909.268317923	627.415625553
-909.058178589	628.38719523
-908.805232472	629.394836001
-908.615295071	630.122772601
-908.643680985	630.420649994
-908.779923811	630.299306362
-908.968687108	629.821914888
-909.156050333	629.102562309
-909.289510536	628.252517364
-909.47492075	627.380221865
-909.658394984	626.434347442
-909.787463791	625.469574979
-909.863386804	624.696095284
-909.730493669	624.266142218
-909.446587364	624.223092645
-909.068064329	624.399664036
-908.649908803	624.842052656
-908.245689444	625.542756797
-908.012183957	626.232739604
-908.101944017	626.911592437
-908.349424455	627.422004899
-908.802554985	627.663230217
-909.403248287	627.641985835
-910.094843299	627.365006585
-910.612858525	627.100598939
-911.01374414	626.743850913
-911.300254017	626.244971223
-911.527471599	625.503254981
-911.749087182	624.577735223
-912.01739535	623.630646022
-912.383294514	622.76766724
-912.791662579	622.143955286
-913.188796259	621.805803184
-913.522412315	621.798086104
-913.689333809	622.00733371
-913.746144056	622.165957767
-913.748026165	622.065726848
-913.801071677	621.713297672
-914.008560511	621.063020174
-914.470962934	620.070645771
-915.181319516	618.797942072
-916.080373568	617.357557374
-917.057985112	615.911605778
-918.059168226	614.1994405
-919.030375225	612.281275978
-919.814870818	610.268184151
-920.364791851	608.26837007
-920.686016441	606.439482763
-920.836749475	604.777960579
-920.821482723	603.332505941
-920.85395792	602.045749175
-920.985349953	600.809380756
-921.160796879	599.674814885
-921.274526802	598.639725283
-921.275890475	597.649454668
-921.16795396	596.859988642
-921.006089426	596.05689547
-920.739627406	595.08367258
-920.52854265	594.101905757
-920.42395285	593.425893882
-920.475557058	593.099930393
-920.627014218	592.95765317
-920.7710723	592.941555384
-920.907915952	592.995556145
-920.985417377	593.11731763
-921.005166928	593.199903258
-920.916439984	593.296154197
-920.774538634	593.405220332
-920.633351782	593.578590936
-920.493040436	593.866376488
-920.406068872	594.317310388
-920.37117405	594.821813753
-920.334772906	595.273154589
-920.296995388	595.61976176
-920.310279503	595.811504013
-920.373340519	595.799685096
-920.484890965	595.64166296
-920.748268441	595.341092617
-921.054749851	594.953951095
-921.507680624	594.639439706
-921.998352643	594.343293071
-922.473194294	593.908027825
-922.984679426	593.389630845
-923.426951683	592.947307944
-923.749292311	592.474480248
-924.1116509	591.919689888
-924.617455801	591.285193887
-925.210394625	590.625556113
-925.887886224	590.046239405
-926.595052748	589.806825675
-927.383066204	590.055239468
-928.249400231	590.882883934
-929.034611813	592.169125303
-929.635810425	593.848498825
-930.057562227	595.752381042
-930.356759575	597.61181303
-930.588895937	599.217255701
-930.703435253	600.469493837
-930.59893235	601.429127298
-930.438311118	601.998463271
-930.275640769	602.29190942
-930.163569993	602.525712142
-930.101014367	602.858196696
-930.139189545	603.443482571
-930.380208441	604.222235246
-930.871054431	605.18886013
-931.60499421	606.076226701
-932.418366364	606.885829226
-933.15174413	607.619193069
-933.702250807	608.068619228
-934.126776968	608.084365472
-934.376193362	607.67785582
-934.507407613	606.91282291
-934.523608618	605.903887143
-934.427980064	604.658199887
-934.223696221	603.287496911
-933.9662309	602.005280499
-933.60500991	601.019380132
-933.14315834	600.375018453
-932.583779195	600.063664667
-931.877637266	600.076766334
-931.081499932	600.144197904
-930.303009399	600.212114661
-929.594649303	600.123457021
-928.902838434	600.039263851
-928.227683128	599.907106978
-927.621573679	599.675963179
-927.187780712	599.243899458
-926.869801797	598.564100237
-926.66483539	597.800393678
-926.517754785	597.060057932
-926.479456508	596.447536509
-926.494800959	596.064439807
-926.405426712	596.009550552
-926.318753106	596.221894144
-926.130134803	596.694218059
-925.842359628	597.419283871
-925.510521818	598.180624992
-925.240613422	598.819740326
-924.926553249	599.391628525
-924.622000109	599.897597752
-924.274571668	600.286667439
-923.937906845	600.456970176
-923.559602693	600.257151777
-922.984025161	599.697019323
-922.059743718	599.04793776
-920.953401772	598.417287929
-919.932022139	597.909617596
-919.098626309	597.731268602
-918.501079587	597.821381554
-918.028878249	598.06818553
-917.574312991	598.519665045
-917.032474088	599.117786078
-916.458191119	599.805939376
-916.009501918	600.581258382
-915.683276997	601.440904021
-915.476378505	602.277441403
-915.333352151	603.090903955
-915.147836832	603.881355782
-915.025536672	604.648889966
-914.860095816	605.550565694
-914.704911351	606.530001092
-914.507351863	607.479936488
-914.21619367	608.400580345
-913.833932073	609.239858454
-913.415372774	609.999442898
-913.066223468	610.681030268
-912.83706175	611.443276766
-912.829368793	612.231389139
-913.037190189	612.991999072
-913.349954351	613.673163628
-913.659916329	614.224363674
-913.96678718	614.805752077
-914.165671576	615.573276563
-914.259128916	616.364803038
-914.249732851	617.022430045
-914.244692763	617.444802139
-914.296100785	617.742638098
-914.506962678	618.128475742
-914.872856004	618.809231226
-915.337058915	619.776950686
-915.791960672	620.971380204
-916.237408658	622.072129637
-916.67327152	623.028834945
-917.099438247	623.792564064
-917.568130183	624.26349782
-918.130182183	624.292327135
-918.730417867	623.995524203
-919.367401449	623.382110151
-920.03972062	622.461079061
-920.850613149	621.346012591
-921.691279957	620.199946408
-922.298822729	618.867768666
-922.626649811	617.355466808
-922.681907741	615.825906921
-922.576378037	614.280735918
-922.366717831	612.616910641
-922.055858859	610.891073686
-921.646721689	609.263022608
-921.142212194	607.835960502
-920.545218245	606.76253235
-919.963232435	606.086490431
-919.396287403	605.797832029
-918.79208002	605.834220459
-918.047377608	606.239344056
-917.218673842	606.793928068
-916.361030198	607.493589874
-915.528073503	608.386285195
-914.87662148	609.309343232
-914.402309801	610.208970811
-914.100753542	611.137442491
-913.967554429	612.145662782
-914.050620637	613.335479214
-914.291829512	614.649027669
-914.529845796	616.08220502
-914.712189139	617.578641774
-914.735484779	618.87417159
-914.551491965	619.868642937
-914.218005557	620.569382142
-913.68678632	621.036057922
-913.067930049	621.379264475
-912.521019397	621.706794209
-911.939838421	622.071319932
-911.273278487	622.576425037
-910.62855823	623.165948096
-910.057753981	623.889767766
-909.506893217	624.84868274
-909.080332504	625.669882219
-908.827291864	626.461232239
-908.638639004	627.380121149
-908.408049957	628.475114138
-908.084324492	629.688767634
-907.617666565	630.860445409
-907.116619603	631.781445299
-906.739220281	632.457966424
-906.430027826	633.053165908
-906.187313702	633.67368233
-906.009346391	634.318724507
-905.894393975	635.092134029
-905.8407266	635.833385468
-905.846618787	636.49080664
-905.910351639	637.118767009
-906.134840752	637.979490018
-906.306324712	639.066615332
-906.425930305	640.269171376
-906.494798264	641.322080628
-906.514080941	642.385820632
-906.432627154	643.668986932
-906.253010945	644.956071582
-905.977809627	646.194153289
-905.714225846	647.174804199
-905.462022218	648.009118729
-905.377896561	648.648456702
-905.405076853	648.993278377
-905.540512392	648.946854824
-905.781159958	648.624508499
-906.07167477	648.243352784
-906.410445035	647.700968773
-906.848188397	646.950024635
-907.277296587	645.996865462
-907.697618388	645.109353171
-908.056709919	644.65289622
-908.30355171	644.512201292
-908.388545878	644.470126637
-908.420450223	644.681321264
-908.557530854	645.034638889
-908.744590386	645.421737688
-908.927843626	645.841711666
-909.054919278	646.345968953
-909.179485408	647.036827981
-909.406124114	647.961489715
-909.731987458	649.008823723
-910.10192414	649.861278836
-910.357575095	650.523636598
-910.397123646	651.105321369
-910.278511636	651.503705094
-910.058277148	651.828227515
-909.843861424	652.185517272
-909.582948423	652.679389141
-909.381557898	653.358532435
-909.290577071	653.956356628
-909.202542307	654.474870635
-909.012797341	654.811463869
-908.671806391	654.866338992
-908.288371211	654.594817899
-907.811532914	653.953613234
-907.244037473	653.005442311
-906.693240442	652.125455498
-906.159042212	651.52197918
-905.693637985	650.926857191
-905.295488007	650.07892409
-904.910725649	648.82863226
-904.539191201	647.396797844
-904.233027644	645.893935144
-903.990650546	644.532313018
-903.601217039	643.204640376
-902.964126079	641.911006755
-902.033890039	640.703762101
-900.923346442	639.790740283
-899.742493532	639.426422739
-898.598484248	639.387416506
-897.438685731	639.665189096
-896.42108727	640.355835118
-895.594802961	641.343400591
-894.850575123	642.462457065
-894.134249058	643.499517108
-893.39305874	644.403694966
-892.732567081	645.282487238
-892.307824452	646.135987114
-892.165028327	647.016631372
-892.244342556	647.870854795
-892.591969835	648.803465099
-893.148098119	649.811861443
-893.854346223	650.631907935
-894.601458077	651.163464254
-895.335338393	651.413849692
-896.055648163	651.495021574
-896.605146415	651.620754248
-896.93546842	651.84225798
-897.156621177	652.366273393
-897.37582052	653.184669605
-897.74979941	654.289327443
-898.221837814	655.61983732
-898.893578761	657.064914464
-899.70693889	658.516124523
-900.657582168	659.815573893
-901.531954799	660.861939666
-902.436038862	661.661370661
-903.316101914	662.115415158
-904.11985105	662.180759737
-904.691805229	661.815497881
-904.985353277	661.188366958
-905.112247237	660.463860493
-905.12912455	659.749906118
-905.195845336	658.994642087
-905.3111135	658.199885545
-905.369006691	657.2104753
-905.318726976	656.032364031
-905.267819461	654.723771086
-905.268701444	653.498397417
-905.424693388	652.355016487
-905.731677196	651.292350711
-906.34247681	650.361388852
-907.091832413	649.507046505
-907.71409353	648.727921046
-908.055285495	648.179516305
-908.070293946	648.013092411
-907.976982412	647.904858935
-907.882964159	647.644077266
-907.736095342	647.077939958
-907.537941979	646.214785856
-907.342373153	645.272186612
-907.149528455	644.252812465
-906.907223425	643.159301843
-906.616980826	642.255823938
-906.123372353	641.485609495
-905.484422709	641.002518354
-904.861356339	640.746921705
-904.2019049	640.451333629
-903.612119138	640.116856415
-903.142901394	639.849215179
-902.843726862	639.542068871
-902.710335802	639.039571804
-902.686145448	638.399341879
-902.559035715	637.468329784
-902.384071917	636.254624674
-902.162598167	634.975541447
-902.052892391	633.84273895
-901.947446209	632.800653832
-901.689246183	631.74278392
-901.43936954	630.565410428
-901.302357814	629.743040253
-901.379935304	629.319001271
-901.561761828	629.178261394
-901.740312711	629.260910823
-901.706256729	629.351516045
-901.674395059	629.240281861
-901.644657678	628.932302918
-901.669288168	628.641935492
-901.851438738	628.420979195
-902.186828458	628.476770208
-902.671185021	628.749465328
-903.300250305	629.180642036
-903.755908066	629.817932111
-903.833122468	630.655278155
-903.54174669	631.477406853
-903.048575143	632.231646158
-902.51617563	632.866769733
-902.155194943	633.332993293
-902.013701149	633.686594974
-901.876779828	633.87784635
-901.692071247	633.701504671
-901.460929718	633.167211778
-901.289329798	632.389233933
-901.280428771	631.792889973
-901.273004463	631.635295993
-901.214677132	631.748023285
-901.054473579	631.966858962
-901.004389819	632.236442
-901.166171614	632.502831053
-901.534128796	632.818131823
-901.945640392	633.285373526
-902.346941915	633.743227731
-902.738003609	633.929977569
-903.171124585	633.852517322
-903.540275283	633.883942324
-903.794565437	634.073635469
-903.884523277	634.364953167
-903.971342533	634.80729296
-904.055065401	635.500974094
-904.135736223	636.54352489
-904.318027156	637.611188314
-904.651489169	638.493303881
-905.184273778	639.194123322
-905.858512746	639.665617768
-906.670074144	640.070439688
-907.457910471	640.253164207
-908.117530006	640.010280988
-908.756528921	639.667032716
-909.270462227	639.330967702
-909.505401334	638.949869456
-909.520898477	638.68216294
-909.479729842	638.891293158
-909.435825439	639.460041719
-909.441702998	640.221693814
-909.339216364	641.066082498
-909.131368159	641.885877497
-908.925777825	642.471961777
-908.774929046	643.039369149
-908.677575208	643.431340612
-908.73708559	643.75691347
-908.844760043	644.070011569
-908.790081089	644.318534638
-908.525090471	644.661045238
-908.212480861	645.094955571
-907.801464561	645.513058936
-907.347269732	645.810968913
-907.008327022	646.096370188
-906.729580814	646.317203182
-906.405052992	646.579756089
-906.03618941	646.778256768
-905.572109657	646.705120251
-905.06794955	646.576885561
-904.57742202	646.709087656
-904.100503156	646.833377524
-903.58483825	646.793055662
-903.084086598	646.697200551
-902.702797505	646.809011491
-902.385754598	646.809210671
-902.131447566	646.596200472
-901.938356959	646.12350042
-901.752643871	645.60758597
-901.626496236	645.311602215
-901.401441606	645.020828594
-901.132473016	644.840026968
-900.820860551	644.714195733
-900.624806544	644.746666997
-900.593664427	644.881016289
-900.618440432	645.009909678
-900.802205469	645.238077315
-901.140599489	645.562815502
-901.629273262	645.929113364
-902.31620684	646.335687216
-903.03874514	646.676638088
-903.795415441	646.901201795
-904.584774105	646.9600282
-905.353094158	646.96211535
-906.048083691	646.961336317
-906.566571335	646.957842135
-907.017472386	647.108718522
-907.45459674	647.252954477
-908.034989656	647.338381788
-908.649930316	647.209612986
-909.193526631	646.663162076
-909.876593597	645.971970755
-910.695090655	645.140366677
-911.435746627	644.172648397
-912.204813633	643.125393782
-913.001129898	642.158363665
-913.561991513	641.165499322
-913.893307263	640.200455117
-914.000999367	639.21081877
-913.83868153	638.302488053
-913.518307108	637.316952285
-913.253631016	636.152198999
-913.148142376	634.970558513
-913.302503043	633.930108243
-913.657615295	632.661543831
-914.260411641	631.32849427
-914.999487731	630.247273368
-915.766265383	629.254908159
-916.507310228	628.297236921
-917.22292717	627.53072912
-918.070379666	627.002989739
-918.836543894	626.550951326
-919.418564768	626.225006946
-919.873355139	626.021828473
-920.204121544	625.990402304
-920.414077044	626.178316001
-920.611062218	626.527138749
-920.847791717	627.032178136
-921.018633035	627.427203098
-921.073074885	627.662290603
-920.962006813	627.741261777
-920.690027845	627.667957214
-920.418661289	627.34160471
-920.252882256	626.821187856
-920.1378974	626.321221206
-920.07261621	625.998276232
-919.951309537	625.95238738
-919.775673574	626.228464012
-919.547392116	626.76539302
-919.268134852	627.608112503
-919.044181595	628.643246393
-918.874359027	629.760269059
-918.705166224	630.851511498
-918.484495054	631.707537331
-918.3185693	632.386141077
-918.258476253	632.943748266
-918.24926124	633.435407773
-918.341993668	633.862473562
-918.429394451	634.435571223
-918.459306772	635.150471478
-918.537916721	635.846028275
-918.611658519	636.679214961
-918.628370294	637.384311718
-918.64191978	637.911905408
-918.495514595	638.475576755
-918.24582573	639.074051525
-917.948109793	639.444508619
-917.813144126	639.540422388
-917.732193925	639.368994653
-917.756265267	639.146677826
-917.882640575	638.927354253
-918.160913611	638.658862599
-918.482336652	638.395060061
-918.793292951	638.083759087
-919.041580199	637.778789681
-919.33334866	637.427936213
-919.66731885	637.084999812
-920.146844769	636.802361101
-920.66322768	636.630980911
-921.110593176	636.568090022
-921.490518045	636.558598716
-921.752278426	636.601131957
-921.794251968	636.694313538
-921.726882774	636.784455159
-921.605488236	637.080840883
-921.431660037	637.577885483
-921.259293193	638.060762265
-921.036240527	638.424908046
-920.816374786	638.620899169
-920.809089885	638.809980334
-920.851957023	638.678369797
-920.78675871	637.973033497
-920.721055396	636.97108414
-920.654965818	635.994893129
-920.640915971	635.096797554
-920.625295437	634.170753209
-920.555895408	633.113492413
-920.329595799	631.772210938
-919.898394194	630.050594853
-919.424933815	627.855092876
-919.067624264	625.513406688
-918.771388721	623.135479339
-918.377914812	620.776050666
-917.994657855	618.645314798
-917.72624774	616.947769114
-917.517550945	615.306782755
-917.105577431	613.72170271
-916.443606683	612.348770349
-915.69556013	611.130719155
-914.968807358	610.116281497
-914.263255597	609.14350773
-913.474161296	608.263898077
-912.708819194	607.579845766
-912.124000909	607.295548834
-911.715299795	607.295704334
-911.425979341	607.467831238
-911.253011153	607.649967932
-911.350300546	607.736709006
-911.658285505	607.83473862
-912.171131633	608.152580189
-912.883021896	608.631595639
-913.735850961	609.109956996
-914.620637083	609.587026324
-915.535870382	610.009887951
-916.323138414	610.484004205
-916.985218984	611.112058581
-917.577233407	611.889330982
-918.152923011	612.758825641
-918.66001996	613.769619556
-919.152307816	614.864803088
-919.943747107	615.779668323
-920.97369405	616.36120863
-922.235249994	616.61761339
-923.826177586	616.714039198
-925.841472648	616.968381729
-927.797933277	616.905421547
-929.643575296	616.847293006
-931.484823346	617.369267186
-933.059160618	618.246468355
-934.686594954	619.625855557
-936.312559264	621.440958001
-937.883937975	623.626764832
-939.610630347	626.17205303
-941.330766954	628.699491103
-943.095991797	631.574057085
-944.642711446	634.313977209
-946.132906653	636.868727251
-947.724379254	639.346219902
-949.413810275	641.642389711
-951.197916724	643.917624364
-952.968828476	646.223540115
-954.830778412	648.348850402
-956.675977302	650.244893766
-958.399487993	652.021410175
-960.003849504	653.419186489
-961.49163545	654.447640984
-962.813135691	655.43009572
-963.972382029	656.629141236
-965.025736258	657.777223194
-965.871226859	658.770768612
-966.618950277	659.718281321
-967.271565246	660.725463909
-967.622473359	661.424399427
-967.627626218	662.032457215
-967.348986285	662.70907062
-966.794765538	663.138635263
-966.130072354	663.118599244
-965.672687154	663.079773113
-965.418028189	662.918568542
-965.256842694	662.743429636
-965.13496459	662.816896048
-964.894975188	662.975946082
-964.43595437	663.114063508
-964.078262371	663.441400996
-963.610659516	663.691655784
-963.03674237	663.710164772
-962.517007505	663.974221108
-962.312320509	664.582259883
-962.362605681	665.472954888
-962.556853754	666.534072863
-962.891476009	667.708515026
-963.362874227	668.888292329
-963.915133308	669.758995525
-964.389118655	670.171605399
-964.734540954	670.138265468
-964.902517201	669.828049368
-965.05481752	669.510416236
-965.244360887	669.186200388
-965.52265072	668.7515759
-965.678211935	667.948554417
-965.662123092	666.526135778
-965.531483891	664.815737283
-965.498911826	662.983335389
-965.562132716	661.190610613
-965.6142309	659.542632161
-965.603402111	658.089266682
-965.58386127	656.669652122
-965.556091585	655.231704669
-965.52056255	653.933937508
-965.42541708	652.825964065
-965.220189535	651.694376154
-964.855803845	650.697532786
-964.389195621	650.094160607
-963.875870754	649.769733754
-963.26527637	649.560202442
-962.403609877	649.358034947
-961.559755374	649.424694733
-960.838592626	649.962302266
-960.289839737	650.853485678
-959.90946385	651.879080275
-959.536467717	652.930203035
-959.118676459	653.900820823
-958.605302448	654.844689069
-957.999257015	655.657255029
-957.303429407	656.236809684
-956.520683881	656.589107734
-955.60154406	656.824548006
-954.654847128	656.893789698
-953.577333935	656.958153278
-952.373146545	657.017803494
-951.098701258	657.229841875
-949.704341058	657.53790103
-948.298708783	657.625457663
-946.882964069	657.498303417
-945.51053302	657.371480347
-944.181078195	657.192836407
-942.841906495	656.754676702
-941.650941586	656.116480275
-940.657226932	655.597865454
-939.856055424	655.196115519
-939.242695651	654.908491661
-938.760086894	654.732237986
-938.352564611	654.350708736
-937.913552692	653.61261934
-937.443910201	652.632449643
-936.996807221	651.469528175
-936.676318724	650.443306336
-936.269829995	649.655511007
-935.674975041	648.838832183
-935.00144908	648.151462028
-934.251503772	647.747350864
-933.322754519	647.357709363
-932.37717839	646.825389294
-931.520205022	646.259013063
-930.645182761	645.712065882
-929.752880188	645.184299882
-928.896362883	644.518514441
-928.231901092	643.927901614
-927.754596818	643.515389745
-927.302606547	642.857953432
-926.822928202	641.962303587
-926.36859204	641.044386469
-925.938910732	640.105251608
-925.585511186	639.407488062
-925.41093041	638.997382814
-925.357961597	638.76286359
-925.266188756	638.437725223
-924.979426905	637.97204197
-924.76422358	637.578856832
-924.670855772	637.30864773
-924.643578405	637.10585841
-924.628064616	637.020964926
-924.623720815	636.946103471
-924.682281695	636.933167352
-924.801779358	637.032653289
-924.875637383	637.084411825
-924.957047343	637.089461878
-924.940873935	637.362712238
-924.88174745	637.844461266
-924.780592853	638.057929019
-924.847597473	638.376015019
-924.973459757	638.690983817
-925.051703105	639.002555913
-925.135616471	639.310471206
-925.486349951	639.823740032
-925.887226462	640.379580233
-926.284151791	640.819450102
-926.729087832	641.198301011
-927.220302935	641.831265139
-927.599152235	642.763498193
-927.86817136	643.829526563
-928.029917614	644.763503859
-928.191591101	645.620528406
-928.405281382	646.506642343
-928.512433389	647.315858094
-928.51565966	648.049656272
-928.52220794	648.761858929
-928.688834014	649.400282139
-929.011144962	649.861857499
-929.484758913	650.307911299
-930.052997703	650.634002912
-930.555984249	650.633887789
-930.89039437	650.263887306
-931.060361561	649.534035337
-931.122347068	648.24509479
-931.026789479	646.41266807
-930.93478803	644.313869651
-930.846285961	642.009465502
-930.865850413	639.401797992
-930.990610849	636.552872904
-931.060760315	633.575509354
-931.129964913	630.527302335
-931.250489754	627.516651459
-931.316260043	624.439791404
-931.485581391	621.457232534
-931.912547826	618.777484211
-932.537793893	616.394091344
-933.460314772	614.666710582
-934.462441892	613.212716979
-935.384474175	611.816220646
-936.018649243	610.476175971
-936.424422009	609.034573948
-936.712176095	607.546850534
-936.884870847	605.962385743
-936.788533697	604.336564332
-936.43034828	602.566398177
-936.131367905	600.970182743
-936.151885218	599.805435874
-936.378962376	598.747181053
-936.70246917	597.845052379
-936.962777979	597.199586107
-937.213736919	596.751569969
-937.769360026	596.6524584
-938.569046479	596.840256212
-939.29205299	597.202090186
-939.939969889	597.837188755
-940.409783973	598.214260599
-940.705936834	598.286935524
-940.7805688	598.27185631
-940.63954295	598.43238921
-940.288718673	598.658711372
-939.890882398	598.948468273
-939.447647352	599.247026506
-939.01291908	599.44888029
-938.639176338	599.608307586
-938.377471982	599.882837488
-938.120497065	600.216560204
-938.025304027	600.607315381
-937.983152839	601.105288465
-937.992733069	601.602355249
-938.052730149	602.202490554
-938.266453285	603.111521232
-938.472836887	604.268128536
-938.671974914	605.507822645
-938.863966592	606.565760744
-938.996603072	607.288810381
-939.123710838	607.632730967
-939.297713436	607.816288495
-939.465005358	608.052650457
-939.678015518	608.444753345
-939.935458073	608.988114291
-940.236052012	609.521333632
-940.421583936	609.730315129
-940.49500215	609.780235049
-940.511571185	609.67512888
-940.525149513	609.262100061
-940.431248662	608.392467817
-940.232812891	607.340258925
-939.828153477	606.372447139
-939.484571334	605.853572867
-939.200759217	605.562869178
-938.870768439	605.442115809
-938.548386224	605.591433028
-938.285980453	605.951195495
-938.082187409	606.463196233
-937.831006509	607.384531757
-937.533864572	608.808360752
-936.982926664	610.145004659
-936.185218149	611.291115286
-935.147743618	611.936956678
-933.77285228	611.885894172
-932.436481937	611.470067645
-931.086182274	610.85624622
-929.670861261	610.050029619
-928.454663434	609.475498354
-927.328470471	608.917708335
-926.185935652	608.376567537
-924.923488299	608.061217051
-923.597272848	607.704344071
-922.105052603	607.202591244
-920.399675118	606.350775639
-918.696913643	605.420135776
-917.206870482	604.517918457
-916.029352594	603.748530382
-915.156690991	602.899662478
-914.424250741	601.712290475
-913.671597078	600.03901633
-912.847126949	597.998184847
-912.109884302	595.966841172
-911.457747038	594.259815672
-910.940897411	592.974192304
-910.555794592	592.099568543
-910.455836637	591.62550855
-910.737898659	591.541559577
-911.286809702	591.837267538
-911.99023856	592.345252999
-912.738703051	592.85006609
-913.373261896	593.246537598
-913.739233201	593.53696787
-913.947753607	593.828311764
-914.159490264	594.277050885
-914.426290328	594.826223319
-914.798616426	595.211049066
-915.273235251	595.173804895
-915.742313061	594.777694852
-916.15316769	594.032213036
-916.454549625	592.946847789
-916.54432615	591.74032036
-916.532446204	590.730326605
-916.630685892	590.173784396
-916.783643802	590.215934051
-917.041960579	590.631601595
-917.507197707	591.410498957
-918.173497323	592.385427118
-918.773460876	593.445755859
-919.255997541	594.588337971
-919.676074938	595.862388236
-920.087278044	597.263454327
-920.541806236	598.787138362
-921.038159503	600.42910023
-921.522544611	602.289686521
-921.942594108	604.152619892
-922.351991169	606.068877965
-922.698404881	607.931162988
-923.087864068	609.530430029
-923.518974776	610.767944866
-924.094983294	611.652462274
-924.759402658	612.29740089
-925.457171557	612.761080032
-926.082344202	613.152740894
-926.688747685	613.578821366
-927.381137656	613.933701433
-928.052227406	614.323827882
-928.702188253	614.800526739
-929.278899319	615.466035407
-929.836289976	616.315162038
-930.322274811	617.447354226
-930.633875444	618.750017966
-930.775561241	620.113399613
-930.80411944	621.325965661
-930.722617719	622.338778768
-930.691056693	623.104337207
-930.708273282	623.628879433
-930.720783786	624.023282057
-930.67650389	624.343301573
-930.577061571	624.643287325
-930.319451301	624.819239975
-930.065032707	624.874590593
-929.866309234	624.760447297
-929.669738729	624.429308924
-929.423171842	623.991997797
-929.023539524	623.347246518
-928.527508182	622.448879454
-927.88569456	621.356713646
-927.154724355	620.286053126
-926.389791399	619.289590216
-925.696967936	618.523187452
-925.022547394	618.033819984
-924.418827625	617.867021402
-923.884363475	618.066895168
-923.417688079	618.519188693
-923.017316058	619.060148438
-922.629433646	619.582560286
-922.253932496	620.086660484
-921.995318377	620.677324496
-921.850650201	621.404317119
-921.869293549	622.420639213
-922.099207193	623.822783596
-922.534636369	625.652150445
-923.169838591	627.896466067
-923.946778152	630.543515792
-924.808851087	633.476532201
-925.75320274	636.477018423
-926.724699253	639.436818384
-927.721960651	642.355306758
-928.795955869	645.127323129
-929.891658955	647.755229761
-931.007799835	650.032216133
-932.090833231	651.809476137
-932.984030535	653.047100822
-933.691852239	653.706622124
-934.218785967	653.855617395
-934.569338749	653.6125642
-934.643403829	653.040790377
-934.500628367	652.25449083
-934.199249005	651.260372409
-933.796083829	650.065083115
-933.294213815	648.832144618
-932.853636229	647.668479609
-932.420855937	646.573504389
-931.996073148	645.598882198
-931.474840509	644.847122551
-930.807812831	644.10399193
-930.051651909	643.422396034
-929.313898675	642.85379156
-928.594626796	642.448189705
-927.946193042	642.097222741
-927.419520827	641.799930819
-927.064103637	641.346077192
-926.980323216	640.687961506
-927.056486898	640.093138196
-927.288335866	639.612850085
-927.566989491	639.244590593
-927.78638701	639.038139776
-927.895601967	638.884912532
-927.845121719	638.574493304
-927.586843053	638.111326093
-927.021753113	637.552149974
-926.210578346	636.795337084
-925.160306388	635.951295177
-923.930208213	634.97065028
-922.525799025	633.857711068
-921.109489212	632.564433783
-919.839425065	631.148762104
-918.607925014	629.771811448
-917.467014982	628.381178055
-916.362651239	627.187378289
-915.39909955	626.186007978
-914.52084483	625.37262296
-913.726064109	624.638121572
-913.065225417	623.92850143
-912.587373561	623.138832173
-912.235509823	622.219287829
-911.901722187	621.069113413
-911.585534051	619.694964414
-911.286469012	618.155775782
-910.95173861	616.509036424
-910.634586746	614.758471146
-910.386852395	612.907755786
-910.206657334	610.960514611
-910.144439619	608.972630844
-910.196925162	607.15546529
-910.360849984	605.610076584
-910.685277189	604.539290888
-911.060944069	603.983338752
-911.538360309	603.928714938
-912.166655433	604.309603359
-912.941269044	605.061613902
-913.90998664	606.069485378
-915.119226298	607.168503582
-916.509419138	608.14591465
-917.9701402	608.951583678
-919.393831847	609.69377344
-920.780430748	610.425669668
-922.129928999	611.094469525
-923.442371246	611.648815987
-924.717851863	611.986481449
-926.008825148	612.16501913
-927.314071784	612.188287261
-928.475477412	612.11247333
-929.391498789	612.096995679
-930.015752185	612.192437726
-930.564849807	612.343360136
-931.197485386	612.548053623
-931.858897187	612.909448608
-932.495742673	613.42305512
-933.056099216	614.241342971
-933.48946277	615.460280137
-933.85137048	617.068435655
-934.143646772	618.949803802
-934.420431396	620.834314561
-934.7867717	622.563621919
-935.240278245	623.983666145
-935.778564111	625.101604796
-936.294622271	625.820019644
-936.736577479	626.148965687
-937.053967238	626.150832088
-937.354677581	625.781983105
-937.534532677	625.052494412
-937.492166021	624.024734262
-937.18132883	622.759632463
-936.661789693	621.42129586
-935.939575973	619.908000019
-935.177623273	618.016151769
-934.429988896	615.913910409
-933.696974321	613.765149306
-932.874218865	611.572511069
-931.860137125	609.129310024
-930.66054238	606.182091512
-929.333517389	602.850532925
-927.88337768	599.094462481
-926.366698934	595.084252968
-924.786282883	591.03824984
-923.092561322	587.22135994
-921.289626124	583.786709855
-919.433821482	580.673842233
-917.527710542	577.875918088
-915.678418895	575.229074901
-913.833259701	572.678220493
-912.04551725	570.221917656
-910.262386964	568.01561028
-908.484727955	566.001222908
-906.765659628	564.33129509
-905.052219499	563.04949208
-903.502054377	562.145741703
-902.163924182	561.609967486
-900.928206473	561.327477185
-899.792685192	561.343351093
-898.702806501	561.544358328
-897.710027032	561.872434009
-896.812067323	562.375592982
-896.058946852	563.152810324
-895.49927003	564.195682738
-895.075606084	565.338934476
-894.836558234	566.264640689
-894.777019907	566.977260637
-894.891899438	567.638258484
-895.12381352	568.40493961
-895.469124099	569.378134219
-895.976537024	570.446666146
-896.588761696	571.606856839
-897.197639242	572.855091387
-897.802489217	574.135507353
-898.402672431	575.446027215
-899.049902613	576.680013987
-899.846840129	577.733706482
-900.788748906	578.610840519
-901.766311082	579.419830413
-902.77769305	580.161699146
-903.821109605	580.88982342
-904.842510995	581.656212074
-905.841613711	582.459191636
-906.818180409	583.34943769
-907.772017823	584.16700563
-908.70297474	584.860830645
-909.558627078	585.433600956
-910.39261976	585.992660098
-911.047975239	586.642565647
-911.633528201	587.3804622
-912.150702336	588.203520092
-912.600942938	589.056625097
-912.985713738	589.990724693
-913.25418097	590.898453681
-913.461554278	591.832229043
-913.713959014	592.686155424
-914.062402833	593.147927435
-914.504182276	593.070636399
-914.879665392	592.677791427
-915.190387624	591.978021372
-915.333269239	591.13687372
-915.31267436	590.367962608
-915.185281439	589.774620502
-915.110984936	589.300399008
-915.245455505	588.837917297
-915.635516366	588.387211067
-916.117335566	588.105236373
-916.688246178	588.249342546
-917.397908528	588.912904333
-918.189969371	589.872614564
-919.061815493	591.015437189
-920.063171204	592.231181876
-921.190069803	593.569448753
-922.438575698	595.078476175
-923.857101229	596.752831262
-925.231127746	598.32556842
-926.508739532	599.484511045
-927.587154171	600.030589992
-928.366435759	599.875016534
-928.749486416	599.193387037
-928.798973031	598.314005191
-928.628470938	597.504395791
-928.401046275	596.920390319
-928.223217119	596.556627826
-928.094043969	596.355405424
-927.960255182	596.312718251
-927.717654357	596.581486961
-927.317151497	597.101158502
-926.763354327	597.655651095
-926.165470772	598.034517442
-925.5252421	598.137571522
-925.00131676	597.972071504
-924.643469913	597.649899058
-924.395418744	597.227800444
-924.149952444	596.813411806
-923.854967775	596.354599155
-923.564377483	595.748300161
-923.278359999	595.103492689
-923.101703841	594.421692143
-923.03174645	593.965951252
-923.065814631	593.730705003
-923.201228861	593.762682608
-923.330681541	593.950259601
-923.454302643	594.184622052
-923.519910608	594.09820782
-923.372104198	593.542549631
-923.068947894	592.634955586
-922.614779125	591.699153489
-922.013920612	590.998093402
-921.218362129	590.526100812
-920.286099317	590.382102041
-919.378316941	590.557571797
-918.442696973	591.043981882
-917.585231066	591.623561632
-916.804440704	592.188807074
-916.098816982	592.68736092
-915.623763082	593.12060636
-915.373505186	593.54225892
-915.446881509	594.056958432
-915.730663536	594.609611433
-916.166753121	595.146548115
-916.698472275	595.615523264
-917.270568515	596.07034099
-917.829217927	596.563415763
-918.374338989	597.041145608
-918.748934678	597.346723227
-918.95718398	597.48450969
-919.003281001	597.406560768
-918.891428287	597.223277125
-918.573517545	597.04224228
-918.107467439	596.915905891
-917.602092929	596.842989154
-917.111069108	596.822205101
-916.634335194	596.85226084
-916.22412643	597.036485521
-915.826631272	597.423083531
-915.494056086	598.058858295
-915.224877138	598.989219813
-915.069874253	600.101254968
-915.026102573	601.389517801
-915.142927927	602.848599632
-915.520626054	604.420821777
-916.25667065	606.049958803
-917.236491293	607.785867356
-918.400671236	609.467799327
-919.586611986	610.93927631
-920.74060098	612.100399034
-921.705749448	613.011058875
-922.538677626	613.572832389
-923.242321754	614.004002491
-923.924271975	614.307985352
-924.584704942	614.435884225
-925.223818302	614.39251552
-925.841829317	614.07805849
-926.438973537	613.395484984
-927.067816432	612.61674016
-927.779534194	611.954390713
-928.519288657	611.458401489
-929.181352968	611.02035612
-929.662830084	610.691556935
-929.968275176	610.417248255
-930.049939539	610.091744222
-929.966107513	609.612149426
-929.878277918	608.93067042
-929.839096214	608.053205454
-929.795164733	607.090245455
-929.851419525	605.940179908
-929.900724893	604.765731139
-929.891062178	603.829984445
-929.824124633	603.127387914
-929.701597414	602.495413696
-929.525155628	601.880347519
-929.29646251	601.229856189
-928.964854781	600.597614724
-928.481058999	599.878930944
-927.84950101	599.076526502
-927.022269829	598.245411235
-926.109769436	597.229911017
-925.219558298	595.878539227
-924.50866002	594.200929317
-923.972908461	592.311295034
-923.660422245	590.32098342
-923.565581248	588.390781242
-923.63044061	586.781820777
-923.798457226	585.538896204
-924.066808784	584.653036257
-924.380366713	584.010611418
-924.68541774	583.553097102
-924.929665332	583.327991228
-925.114541982	583.32907259
-925.293801594	583.49781469
-925.362860284	583.724799099
-925.324575719	583.903439319
-925.181806903	583.87766948
-924.832784241	583.65259862
-924.283167432	583.233348548
-923.643227805	582.781984753
-923.020405218	582.351729224
-922.466992288	582.099021056
-921.981540719	582.123768505
-921.510269558	582.470760781
-921.105412101	582.974144669
-920.765468039	583.419995206
-920.541237262	583.652351769
-920.325165922	583.781061754
-920.117130781	583.808556134
-919.86469083	583.789593854
-919.516805683	583.882165499
-919.12845987	584.030803636
-918.753223487	584.286084446
-918.39093799	584.4879419
-918.093747858	584.585169058
-917.964696311	584.68491844
-917.947071281	584.839230864
-917.985565793	584.994127343
-918.130908018	585.044733828
-918.275488601	585.045937619
-918.366831308	584.998916311
-918.30156186	584.904853653
-918.188375309	584.660311723
-918.133158113	584.426229567
-918.029734578	584.359327689
-917.879366727	584.402856824
-917.683316522	584.344537375
-917.390531176	584.030030282
-917.055985277	583.570779663
-916.576302556	583.232352049
-916.007847131	583.011712594
-915.510190249	582.905819709
-915.134045536	582.911629687
-914.824082167	583.183039863
-914.578678652	583.712800126
-914.448520535	584.441363705
-914.535197958	585.310614436
-914.780553362	586.525438208
-915.075530584	587.971260074
-915.313898552	589.484051105
-915.496878612	591.113305457
-915.625706045	592.697917878
-915.7016276	594.081058382
-915.673586221	595.371733587
-915.439623837	596.466936112
-915.057533986	597.266511627
-914.636013032	597.725463252
-914.280936749	597.800221524
-913.99073326	597.448630948
-913.763821764	596.786874032
-913.441676452	596.137553183
-913.079234627	595.500930203
-912.886960173	594.667983663
-912.912749571	593.696846672
-913.150779488	592.801149286
-913.647545925	592.188860408
-914.291215333	591.905352943
-915.077413701	591.942256426
-915.949482646	592.238875136
-916.9045149	592.631292629
-917.887325785	593.012130382
-918.896486273	593.224520272
-919.98291799	593.429699294
-921.091549399	593.680069294
-922.168753604	593.817380743
-923.110035211	593.792231974
-923.970684813	593.608941746
-924.699993157	593.324138026
-925.353309018	592.888408308
-925.932284688	592.358357803
-926.4909034	591.841481106
-926.924819316	591.390128252
-927.289448995	590.95059789
-927.691125388	590.470576218
-928.076438265	590.056076675
-928.445702239	589.496407443
-928.799238016	588.743420906
-929.137371627	587.959606402
-929.408120763	587.198585788
-929.456286184	586.512548897
-929.287823755	586.004568032
-928.960995087	585.565631833
-928.532641592	585.089524393
-928.005865985	584.629767043
-927.279121117	584.081524627
-926.410581591	583.552012019
-925.456983075	583.14561928
-924.630556635	582.859286911
-923.876308059	582.846885531
-923.297552279	582.944189241
-922.837824394	583.200445475
-922.389728059	583.506568392
-922.005597346	583.703985524
-921.684030887	583.899921812
-921.47592564	584.041866488
-921.326135837	584.392604066
-921.180913487	584.894026688
-921.040223709	585.489449443
-920.851714152	585.966676808
-920.564433247	586.276098214
-920.233454369	586.421841966
-919.912436359	586.512676236
-919.653622126	586.602253675
-919.403213462	586.74282709
-919.161122502	587.089875096
-919.031880135	587.690042145
-919.064887675	588.588582035
-919.203513397	589.620115377
-919.444847551	590.675824969
-919.73367536	591.545116106
-920.016198649	592.284617008
-920.240037324	592.949580992
-920.511167562	593.646193684
-920.828139549	594.268599894
-921.241827826	594.923027759
-921.749401831	595.503661856
-922.400360081	596.169080349
-923.085876553	597.125974856
-923.961524063	598.313870634
-924.96943345	599.569101002
-926.053171902	600.784564133
-927.105434184	601.960632499
-928.126388357	602.993088599
-929.063924757	603.780558411
-930.024310598	604.59069556
-930.901780375	605.317955181
-931.750346532	605.911932919
-932.518015844	606.323643377
-933.049597713	606.557827645
-933.455701017	606.723854083
-933.739509054	606.928275673
-933.851897511	607.065575885
-933.745147661	607.137667996
-933.477565727	607.094143895
-933.210664718	607.095241504
-932.997096961	607.296968874
-932.888090566	607.694167485
-932.933451941	608.229361092
-933.129257264	608.846481186
-933.419263665	609.543185057
-933.591694251	610.160201955
-933.545021396	610.542489672
-933.232839237	610.69616996
-932.610137496	610.470426773
-931.790230485	609.980216099
-930.778966193	609.128410386
-929.582155562	607.977599732
-928.414817953	607.007428605
-927.329364716	606.21402577
-926.324442541	605.750412901
-925.450968682	605.608419838
-924.65379133	605.936790687
-923.931444435	606.461539354
-923.230120566	606.968024172
-922.497392465	607.142611365
-921.734527431	606.837048692
-920.838142966	606.116550436
-919.864580963	605.044907477
-918.868749467	603.736785045
-918.008746373	602.408618257
-917.438423505	601.166542651
-917.098140864	600.218456615
-917.034275893	599.609651364
-917.134857841	599.122412563
-917.186106327	598.701562648
-917.189125006	598.293312158
-917.040401715	597.897575616
-916.796181072	597.357315668
-916.511304676	596.728949459
-916.134581592	596.119784632
-915.616222775	595.477359728
-915.064776461	594.802912246
-914.533656207	594.149972864
-914.23179668	593.518333887
-914.153249186	592.960081477
-914.187436601	592.578191939
-914.121971929	592.525129932
-913.750098324	592.530634154
-913.236875538	592.488412369
-912.795455448	592.504241321
-912.685671825	592.576467082
-912.898760745	592.494191303
-913.269024305	592.209083749
-913.63499655	591.935786988
-913.996387738	592.092570568
-914.300616798	592.772582196
-914.60115438	593.804607167
-915.002397153	594.969364629
-915.396697525	595.843986294
-915.626925865	596.173830877
-915.644813493	596.025195562
-915.612761752	595.672238467
-915.688961807	595.277462519
-915.870453852	594.789892051
-916.049659119	594.264569202
-916.017193738	593.441237314
-915.726243052	592.22358645
-915.3406512	590.727340456
-915.072352403	589.274622708
-914.970710865	587.9698232
-915.031366418	586.862160444
-915.197646021	585.947093377
-915.361974912	585.063109105
-915.471911312	584.15751077
-915.633366912	583.440548118
-915.897137767	583.012201672
-916.207998144	582.865000526
-916.407514202	582.886843708
-916.341481342	582.602256354
-916.173797186	581.862299158
-916.116456492	581.2546297
-916.218890593	581.089869239
-916.37218677	581.251694491
-916.52256107	581.626598262
-916.879206747	582.156214543
-917.384139551	582.522043502
-918.085420929	582.675611032
-918.820475619	582.883749528
-919.326344502	583.197029803
-919.765624463	583.716947466
-920.296715382	584.33295678
-920.969191269	585.146601423
-921.831239226	586.099706785
-922.720412596	586.717037075
-923.635448093	586.745294941
-924.522799254	586.356739284
-925.225728727	585.300915266
-925.748681107	583.54363378
-926.305373064	581.522891081
-927.103914178	579.874633368
-928.085243219	578.694747392
-929.087100826	577.919317128
-929.951471708	577.485796766
-930.524584655	577.385339834
-930.86615828	577.399842959
-930.929891749	577.578395019
-930.880143337	577.916378593
-930.877048056	578.25225502
-930.919574809	578.637975511
-931.006682334	579.07179571
-931.189634122	579.551994928
-931.518282367	580.024564399
-931.779507121	580.279987548
-931.975063338	580.428270422
-932.211332285	580.681250954
-932.539570214	580.931281019
-932.957314978	581.125850719
-933.462107461	581.26618284
