2.98597874437 1.22065819925 -1.76532054512
2.98597874437 1.22065819925 -1.76532054512
2.98597874437 1.22065819925 -1.76532054512
2.98597874437 1.22065819925 -1.76532054512
2.98597874437 1.22065819925 -1.76532054512
2.98597874437 1.22065819925 -1.76532054512
2.98497391408 1.22218114576 -1.76279276832
2.98121181882 1.22784053984 -1.75337127898
2.97737591787 1.23353656139 -1.74383935648
2.97346478576 1.23926927325 -1.7341955125
2.96987924476 1.2444601284 -1.72541911636
2.96582115133 1.25026269044 -1.71555846088
2.96126534924 1.25668803328 -1.70457731595
2.95746488689 1.26197828852 -1.69548659837
2.95316362718 1.26789135936 -1.68527226782
2.94922055617 1.27324463154 -1.67597592464
2.94610582442 1.27742891951 -1.66867690491
2.94565740445 1.2780281482 -1.66762925625
2.94565740445 1.2780281482 -1.66762925625
2.94565740445 1.2780281482 -1.66762925625
2.94565740445 1.2780281482 -1.66762925625
2.94565740445 1.2780281482 -1.66762925625
2.94565740445 1.2780281482 -1.66762925625
2.94565740445 1.2780281482 -1.66762925625
2.94565740445 1.2780281482 -1.66762925625
2.94565740445 1.2780281482 -1.66762925625
2.94565740445 1.2780281482 -1.66762925625
2.94565740445 1.2780281482 -1.66762925625
2.94565740445 1.2780281482 -1.66762925625
2.94565740445 1.2780281482 -1.66762925625
2.94565740445 1.2780281482 -1.66762925625
2.94565740445 1.2780281482 -1.66762925625
2.94565740445 1.2780281482 -1.66762925625
2.94565740445 1.2780281482 -1.66762925625
2.94565740445 1.2780281482 -1.66762925625
2.94565740445 1.2780281482 -1.66762925625
2.94565740445 1.2780281482 -1.66762925625
2.94565740445 1.2780281482 -1.66762925625
2.94565740445 1.2780281482 -1.66762925625
2.94565740445 1.2780281482 -1.66762925625
2.94565740445 1.2780281482 -1.66762925625
2.94565740445 1.2780281482 -1.66762925625
2.94565740445 1.2780281482 -1.66762925625
2.94565740445 1.2780281482 -1.66762925625
2.94565740445 1.2780281482 -1.66762925625
2.94565740445 1.2780281482 -1.66762925625
2.94565740445 1.2780281482 -1.66762925625
2.94565740445 1.2780281482 -1.66762925625
2.94565740445 1.2780281482 -1.66762925625
2.94565740445 1.2780281482 -1.66762925625
2.94565740445 1.2780281482 -1.66762925625
2.94565740445 1.2780281482 -1.66762925625
2.94565740445 1.2780281482 -1.66762925625
2.94565740445 1.2780281482 -1.66762925625
2.94565740445 1.2780281482 -1.66762925625
2.94565740445 1.2780281482 -1.66762925625
2.94565740445 1.2780281482 -1.66762925625
2.94565740445 1.2780281482 -1.66762925625
2.94565740445 1.2780281482 -1.66762925625
2.94565740445 1.2780281482 -1.66762925625
2.94565740445 1.2780281482 -1.66762925625
2.94511789573 1.27874925292 -1.6663686428
2.94358706663 1.28078814238 -1.66279892426
2.94042582677 1.28497089172 -1.65545493505
2.93469490719 1.29245600703 -1.64223890016
2.92946325361 1.29918341585 -1.63027983776
2.92363687131 1.3065616546 -1.61707521671
2.91935628948 1.31190820333 -1.60744808615
2.91344859599 1.31918660276 -1.59426199323
2.91016535382 1.32318335271 -1.58698200111
2.90475141692 1.32969823955 -1.57505317737
2.89760505499 1.33816138608 -1.55944366891
2.89045414433 1.34647794976 -1.54397619457
2.88319501555 1.35477277024 -1.52842224532
2.87082730279 1.36857473614 -1.50225256665
2.86288067521 1.37723354852 -1.48564712669
2.8560092154 1.38459501163 -1.47141420376
2.85082447028 1.39007462023 -1.46074985005
2.84271848181 1.39851620178 -1.44420228003
2.835743504 1.40565966447 -1.43008383953
2.82872028662 1.41274595853 -1.41597432808
2.81870483924 1.42267020836 -1.39603463087
2.80862646772 1.4324515889 -1.37617487882
2.80026555368 1.4404143979 -1.35985115578
2.79606699141 1.44436290834 -1.35170408307
2.79007634663 1.44994092169 -1.34013542494
2.78102347467 1.45824589145 -1.32277758322
2.77435252787 1.46427315113 -1.31007937674
2.76641349514 1.47134632812 -1.29506716703
2.76034215012 1.47668540262 -1.2836567475
2.75114927369 1.48465440212 -1.26649487158
2.74497575022 1.48993040287 -1.25504534735
2.73452334702 1.49873017896 -1.23579316807
2.72710912818 1.50487246067 -1.22223666752
2.71838942715 1.51199310747 -1.20639631968
2.7109339002 1.51799591349 -1.19293798671
2.70156525723 1.52542950672 -1.17613575051
2.69276613119 1.53230292769 -1.1604632035
2.684064596 1.53900075987 -1.14506383613
2.67773334768 1.5438121443 -1.13392120339
2.67641354993 1.5448083777 -1.13160517224
2.67641354993 1.5448083777 -1.13160517224
2.67641354993 1.5448083777 -1.13160517224
2.67641354993 1.5448083777 -1.13160517224
2.67641354993 1.5448083777 -1.13160517224
2.67641354993 1.5448083777 -1.13160517224
2.67641354993 1.5448083777 -1.13160517224
2.67641354993 1.5448083777 -1.13160517224
2.67641354993 1.5448083777 -1.13160517224
2.67641354993 1.5448083777 -1.13160517224
2.67641354993 1.5448083777 -1.13160517224
2.67641354993 1.5448083777 -1.13160517224
2.67641354993 1.5448083777 -1.13160517224
2.67641354993 1.5448083777 -1.13160517224
2.67641354993 1.5448083777 -1.13160517224
2.67641354993 1.5448083777 -1.13160517224
2.67641354993 1.5448083777 -1.13160517224
2.67641354993 1.5448083777 -1.13160517224
2.67641354993 1.5448083777 -1.13160517224
2.67641354993 1.5448083777 -1.13160517224
2.67641354993 1.5448083777 -1.13160517224
2.67641354993 1.5448083777 -1.13160517224
2.67641354993 1.5448083777 -1.13160517224
2.67641354993 1.5448083777 -1.13160517224
2.67641354993 1.5448083777 -1.13160517224
2.67641354993 1.5448083777 -1.13160517224
2.67641354993 1.5448083777 -1.13160517224
2.67641354993 1.5448083777 -1.13160517224
2.67641354993 1.5448083777 -1.13160517224
2.67641354993 1.5448083777 -1.13160517224
2.67641354993 1.5448083777 -1.13160517224
2.67641354993 1.5448083777 -1.13160517224
2.67641354993 1.5448083777 -1.13160517224
2.67641354993 1.5448083777 -1.13160517224
2.67641354993 1.5448083777 -1.13160517224
2.67641354993 1.5448083777 -1.13160517224
2.66598194632 1.55260339638 -1.11337854995
2.65525403069 1.56048079197 -1.09477323872
2.63579079452 1.57442873477 -1.06136205974
2.61944274325 1.58581375542 -1.03362898782
2.60659969701 1.5945552634 -1.01204443361
2.59887721644 1.59972795802 -0.999149258427
2.58819651764 1.60678255675 -0.981413960895
2.53150480114 1.64238203817 -0.88912276297
2.51245233634 1.65369270341 -0.858759632933
2.4833333353 1.67038697157 -0.812946363732
2.45690383323 1.68495355707 -0.771950276163
2.41889897666 1.70497611571 -0.713922860946
2.397363211 1.71586238106 -0.681500829935
2.36979239286 1.72933979476 -0.640452598102
2.34198426896 1.74242785784 -0.599556411114
2.34198426896 1.74242785784 -0.599556411114
2.34198426896 1.74242785784 -0.599556411114
2.34198426896 1.74242785784 -0.599556411114
2.34198426896 1.74242785784 -0.599556411114
2.34198426896 1.74242785784 -0.599556411114
2.34198426896 1.74242785784 -0.599556411114
2.34198426896 1.74242785784 -0.599556411114
2.34198426896 1.74242785784 -0.599556411114
2.34198426896 1.74242785784 -0.599556411114
2.34198426896 1.74242785784 -0.599556411114
2.34198426896 1.74242785784 -0.599556411114
2.34198426896 1.74242785784 -0.599556411114
2.34198426896 1.74242785784 -0.599556411114
2.34198426896 1.74242785784 -0.599556411114
2.34198426896 1.74242785784 -0.599556411114
2.34198426896 1.74242785784 -0.599556411114
2.34198426896 1.74242785784 -0.599556411114
2.34198426896 1.74242785784 -0.599556411114
2.34198426896 1.74242785784 -0.599556411114
2.3154700452 1.75445381652 -0.561016228684
2.26965997945 1.77424715872 -0.495412820724
2.22056615208 1.79415291769 -0.426413234393
2.19707057277 1.80322651177 -0.393844061003
2.1395185289 1.8242806054 -0.315237923503
1.95356833566 1.88204193194 -0.0715264037201
1.91596626128 1.89199820762 -0.0239680536597
1.87753434769 1.90162412121 0.0240897735255
1.76393629604 1.92699850321 0.163062207171
1.69541711838 1.94020788858 0.244790770193
1.62135152581 1.95282292087 0.331471395058
1.60557275011 1.95529514474 0.349722394629
1.53973380989 1.96482212164 0.425088311746
1.46318285103 1.97435023637 0.511167385348
1.40551578674 1.98046990545 0.574954118711
1.21547128174 1.99455569842 0.77908441668
1.201732442 1.99522711452 0.793494672517
1.11659261139 1.99838787519 0.881795263793
1.08260891969 1.99917700005 0.916568080359
1.04040416527 1.99978928359 0.959385118314
0.999999487435 1.99999897418 0.999999486742
0.961445919643 1.99986038866 1.03841446902
0.930905259855 1.99951860677 1.06861334691
0.898239378571 1.99892842046 1.10068904189
0.842938742373 1.99740618806 1.15446744569
0.733932721687 1.99251395154 1.25858122985
0.703019109849 1.9906771446 1.28765803476
0.651478889495 1.98717969487 1.33570080538
0.616438148714 1.98449384016 1.36805569145
0.585537040286 1.98191999527 1.39638295498
0.546433952338 1.97838898069 1.43195502835
0.464330728252 1.96998747109 1.50565674283
0.439777365926 1.96721702725 1.52743966133
0.398954684432 1.96234980487 1.56339512044
0.368429802307 1.95849820009 1.59006839778
0.273394405613 1.94535136388 1.67195695827
0.205324751312 1.93486634667 1.72954159535
0.149765853642 1.92565092509 1.77588507145
0.110383996799 1.91876191373 1.80837791693
0.022786539053 1.90237936826 1.87959282921
-0.0175768060449 1.89433925449 1.91191606053
-0.0727388344128 1.88285015434 1.95558898875
-0.132788656246 1.86968446409 2.00247312034
-0.180916157843 1.85863627994 2.03955243778
-0.287804128588 1.83251334435 2.12031747294
-0.401622496698 1.80227625193 2.20389874863
-0.474545032122 1.78157833141 2.25612336354
-0.587487005457 1.74745111845 2.33493812391
-0.59068483262 1.74644784794 2.33713268056
-0.593878360271 1.74544387905 2.33932223932
-0.595473511269 1.74494163509 2.34041514636
-0.595473511269 1.74494163509 2.34041514636
-0.593878360271 1.74544387905 2.33932223932
-0.593878360271 1.74544387905 2.33932223932
-0.593878360271 1.74544387905 2.33932223932
-0.593878360271 1.74544387905 2.33932223932
-0.593878360271 1.74544387905 2.33932223932
-0.593878360271 1.74544387905 2.33932223932
-0.592282133987 1.74594595032 2.3382280843
-0.593878360271 1.74544387905 2.33932223932
-0.592282133987 1.74594595032 2.3382280843
-0.592282133987 1.74594595032 2.3382280843
-0.59636839294 1.74466006566 2.3410284586
-0.704705033575 1.70933393204 2.41403896562
-0.71733528332 1.7050596432 2.42239492652
-0.746663289351 1.69501002392 2.44167331327
-0.79566515116 1.67781502649 2.47348017765
-0.821267052836 1.66863248676 2.4898995396
-0.922608433521 1.63091788302 2.55352631654
-1.01072205382 1.59631120476 2.60703325857
-1.11087190187 1.55486866022 2.66574056209
-1.11087190187 1.55486866022 2.66574056209
-1.11087190187 1.55486866022 2.66574056209
-1.11087190187 1.55486866022 2.66574056209
-1.11087190187 1.55486866022 2.66574056209
-1.11087190187 1.55486866022 2.66574056209
-1.11087190187 1.55486866022 2.66574056209
-1.11087190187 1.55486866022 2.66574056209
-1.11087190187 1.55486866022 2.66574056209
-1.11087190187 1.55486866022 2.66574056209
-1.11087190187 1.55486866022 2.66574056209
-1.11087190187 1.55486866022 2.66574056209
-1.11087190187 1.55486866022 2.66574056209
-1.11087190187 1.55486866022 2.66574056209
-1.11087190187 1.55486866022 2.66574056209
-1.11087190187 1.55486866022 2.66574056209
-1.11087190187 1.55486866022 2.66574056209
-1.11087190187 1.55486866022 2.66574056209
-1.11087190187 1.55486866022 2.66574056209
-1.11087190187 1.55486866022 2.66574056209
-1.11087190187 1.55486866022 2.66574056209
-1.11087190187 1.55486866022 2.66574056209
-1.11087190187 1.55486866022 2.66574056209
-1.11087190187 1.55486866022 2.66574056209
-1.11087190187 1.55486866022 2.66574056209
-1.11087190187 1.55486866022 2.66574056209
-1.11087190187 1.55486866022 2.66574056209
-1.11087190187 1.55486866022 2.66574056209
-1.11087190187 1.55486866022 2.66574056209
-1.11087190187 1.55486866022 2.66574056209
-1.11087190187 1.55486866022 2.66574056209
-1.11087190187 1.55486866022 2.66574056209
-1.11087190187 1.55486866022 2.66574056209
-1.11087190187 1.55486866022 2.66574056209
-1.11087190187 1.55486866022 2.66574056209
-1.10982715652 1.55531248498 2.6651396415
-1.11087190187 1.55486866022 2.66574056209
-1.11087190187 1.55486866022 2.66574056209
-1.11087190187 1.55486866022 2.66574056209
-1.11087190187 1.55486866022 2.66574056209
-1.11087190187 1.55486866022 2.66574056209
-1.11087190187 1.55486866022 2.66574056209
-1.11087190187 1.55486866022 2.66574056209
-1.11087190187 1.55486866022 2.66574056209
-1.11087190187 1.55486866022 2.66574056209
-1.11087190187 1.55486866022 2.66574056209
-1.11087190187 1.55486866022 2.66574056209
-1.11087190187 1.55486866022 2.66574056209
-1.11087190187 1.55486866022 2.66574056209
-1.11087190187 1.55486866022 2.66574056209
-1.11087190187 1.55486866022 2.66574056209
-1.11087190187 1.55486866022 2.66574056209
-1.11087190187 1.55486866022 2.66574056209
-1.11087190187 1.55486866022 2.66574056209
-1.11087190187 1.55486866022 2.66574056209
-1.11087190187 1.55486866022 2.66574056209
-1.11087190187 1.55486866022 2.66574056209
-1.11087190187 1.55486866022 2.66574056209
-1.11087190187 1.55486866022 2.66574056209
-1.11087190187 1.55486866022 2.66574056209
-1.11087190187 1.55486866022 2.66574056209
-1.11087190187 1.55486866022 2.66574056209
-1.11087190187 1.55486866022 2.66574056209
-1.11087190187 1.55486866022 2.66574056209
-1.11087190187 1.55486866022 2.66574056209
-1.11087190187 1.55486866022 2.66574056209
-1.11087190187 1.55486866022 2.66574056209
-1.11087190187 1.55486866022 2.66574056209
-1.11087190187 1.55486866022 2.66574056209
-1.11087190187 1.55486866022 2.66574056209
-1.11087190187 1.55486866022 2.66574056209
-1.11087190187 1.55486866022 2.66574056209
-1.11087190187 1.55486866022 2.66574056209
-1.11087190187 1.55486866022 2.66574056209
-1.11087190187 1.55486866022 2.66574056209
-1.11087190187 1.55486866022 2.66574056209
-1.11087190187 1.55486866022 2.66574056209
-1.11087190187 1.55486866022 2.66574056209
-1.11087190187 1.55486866022 2.66574056209
-1.11087190187 1.55486866022 2.66574056209
-1.11087190187 1.55486866022 2.66574056209
-1.10390176014 1.55782867392 2.66173043406
-1.08157893626 1.56723477209 2.64881370835
-1.05315952267 1.57905195847 2.63221148114
-0.972617341188 1.61152233915 2.58413968034
-0.963026607685 1.61529302385 2.57831963154
-0.959677825369 1.61660500756 2.57628283293
-0.958199865617 1.61718304028 2.5753829059
-0.958199865617 1.61718304028 2.5753829059
-0.958199865617 1.61718304028 2.5753829059
-0.963026607685 1.61529302385 2.57831963154
-0.959677825369 1.61660500756 2.57628283293
-0.957798077413 1.61734059066 2.57513866807
-0.957798077413 1.61734059066 2.57513866807
-0.957798077413 1.61734059066 2.57513866807
-0.957798077413 1.61734059066 2.57513866807
-0.959277497582 1.61676211698 2.57603961457
-0.959277497582 1.61676211698 2.57603961457
-0.959277497582 1.61676211698 2.57603961457
-0.959277497582 1.61676211698 2.57603961457
-0.959277497582 1.61676211698 2.57603961457
-0.958199865617 1.61718304028 2.5753829059
-0.958199865617 1.61718304028 2.5753829059
-0.958199865617 1.61718304028 2.5753829059
-0.958199865617 1.61718304028 2.5753829059
-0.959277497582 1.61676211698 2.57603961457
-0.958199865617 1.61718304028 2.5753829059
-0.958199865617 1.61718304028 2.5753829059
-0.958199865617 1.61718304028 2.5753829059
-0.958199865617 1.61718304028 2.5753829059
-0.958199865617 1.61718304028 2.5753829059
-0.958199865617 1.61718304028 2.5753829059
-0.958199865617 1.61718304028 2.5753829059
-0.958199865617 1.61718304028 2.5753829059
-0.958199865617 1.61718304028 2.5753829059
-0.958199865617 1.61718304028 2.5753829059
-0.958199865617 1.61718304028 2.5753829059
-0.958199865617 1.61718304028 2.5753829059
-0.958199865617 1.61718304028 2.5753829059
-0.958199865617 1.61718304028 2.5753829059
-0.958199865617 1.61718304028 2.5753829059
-0.958199865617 1.61718304028 2.5753829059
-0.958199865617 1.61718304028 2.5753829059
-0.958199865617 1.61718304028 2.5753829059
-0.958199865617 1.61718304028 2.5753829059
-0.958199865617 1.61718304028 2.5753829059
-0.958199865617 1.61718304028 2.5753829059
-0.958199865617 1.61718304028 2.5753829059
-0.958199865617 1.61718304028 2.5753829059
-0.958199865617 1.61718304028 2.5753829059
-0.958199865617 1.61718304028 2.5753829059
-0.958199865617 1.61718304028 2.5753829059
-0.958199865617 1.61718304028 2.5753829059
-0.958199865617 1.61718304028 2.5753829059
-0.958199865617 1.61718304028 2.5753829059
-0.961435568397 1.61591840662 2.57735397502
-0.977740989463 1.60951055251 2.58725154197
-1.0154942113 1.59444780103 2.60994201233
-1.03250647787 1.5875562016 2.62006267947
-1.05902371312 1.57668404971 2.63570776283
-1.07629067318 1.5695194045 2.64581007768
-1.11337680281 1.55389845112 2.66727525392
-1.14524910863 1.54021881631 2.68546792494
-1.20081642314 1.51579674626 2.7166131694
-1.25181660825 1.49272923469 2.74454584293
-1.27726744961 1.48097960464 2.75824705425
-1.30586303255 1.46758600529 2.77344903783
-1.33215929081 1.45508762366 2.78724691448
-1.34750083156 1.44771534107 2.79521617263
-1.37875885757 1.43250526196 2.81126411953
-1.40038473411 1.42183309019 2.8222178243
-1.43995297338 1.40198581694 2.84193879032
-1.4788348738 1.38207147581 2.86090634962
-1.49703747021 1.37260591425 2.86964338446
-1.55730951919 1.34059957852 2.89790909771
-1.59523750029 1.31992326296 2.91516076325
-1.62732357741 1.30209984301 2.92942342042
-1.68645085233 1.26843662925 2.95488748158
-1.69972257332 1.26073090582 2.96045347914
-1.76194286072 1.22385040551 2.98579326623
-1.78583397921 1.2093503861 2.99518436531
-1.8012898062 1.19986715017 3.00115695637
-1.91324532418 1.1286624361 3.04190776028
-1.93817445689 1.11217967056 3.05035412745
-2.0581646119 1.02938336102 3.08754797291
-2.05633723998 1.03068935913 3.08702659911
-2.0581646119 1.02938336102 3.08754797291
-2.0581646119 1.02938336102 3.08754797291
-2.0581646119 1.02938336102 3.08754797291
-2.0581646119 1.02938336102 3.08754797291
-2.0581646119 1.02938336102 3.08754797291
-2.0581646119 1.02938336102 3.08754797291
-2.0581646119 1.02938336102 3.08754797291
-2.0581646119 1.02938336102 3.08754797291
-2.0581646119 1.02938336102 3.08754797291
-2.0581646119 1.02938336102 3.08754797291
-2.0581646119 1.02938336102 3.08754797291
-2.0581646119 1.02938336102 3.08754797291
-2.0581646119 1.02938336102 3.08754797291
-2.0581646119 1.02938336102 3.08754797291
-2.0581646119 1.02938336102 3.08754797291
-2.0581646119 1.02938336102 3.08754797291
-2.0581646119 1.02938336102 3.08754797291
-2.0581646119 1.02938336102 3.08754797291
-2.0581646119 1.02938336102 3.08754797291
-2.0581646119 1.02938336102 3.08754797291
-2.0581646119 1.02938336102 3.08754797291
-2.0581646119 1.02938336102 3.08754797291
-2.0581646119 1.02938336102 3.08754797291
-2.0581646119 1.02938336102 3.08754797291
-2.0581646119 1.02938336102 3.08754797291
-2.0581646119 1.02938336102 3.08754797291
-2.0581646119 1.02938336102 3.08754797291
-2.0581646119 1.02938336102 3.08754797291
-2.0581646119 1.02938336102 3.08754797291
-2.0581646119 1.02938336102 3.08754797291
-2.0581646119 1.02938336102 3.08754797291
-2.0581646119 1.02938336102 3.08754797291
-2.0581646119 1.02938336102 3.08754797291
-2.0581646119 1.02938336102 3.08754797291
-2.0581646119 1.02938336102 3.08754797291
-2.0581646119 1.02938336102 3.08754797291
-2.0581646119 1.02938336102 3.08754797291
-2.0581646119 1.02938336102 3.08754797291
-2.0581646119 1.02938336102 3.08754797291
-2.0581646119 1.02938336102 3.08754797291
-2.0581646119 1.02938336102 3.08754797291
-2.0581646119 1.02938336102 3.08754797291
-2.0581646119 1.02938336102 3.08754797291
-2.0581646119 1.02938336102 3.08754797291
-2.0581646119 1.02938336102 3.08754797291
-2.03614280144 1.04505790589 3.08120070733
-2.03064977172 1.04893791183 3.07958768355
-2.02296653813 1.05434008694 3.07730662507
-2.01116916321 1.06258980058 3.07375896379
-2.00483802638 1.06699512955 3.07183315593
-1.96383317448 1.09512154833 3.05895472281
-1.95651069855 1.100075946 3.05658664455
-1.94655971056 1.10677084937 3.05333055993
-1.93540194737 1.11423656612 3.04963851349
-1.91591212394 1.12715984936 3.0430719733
-1.89465377993 1.14109715638 3.03575093632
-1.87886631993 1.15133784106 3.03020416099
-1.8679032263 1.15839074268 3.02629396898
-1.85379735046 1.16740933132 3.02120668178
-1.82188839313 1.18755165629 3.00944004942
-1.81109937782 1.19427731364 3.00537669146
-1.79924189278 1.20162789234 3.00086978512
-1.79235878003 1.20587337351 2.99823215354
-1.77238406807 1.2181022931 2.99048636118
-1.75608521064 1.22798818179 2.98407339243
-1.67037195793 1.27850746548 2.94887942341
-1.64686393623 1.29196242828 2.93882636451
-1.63614293173 1.29804420819 2.93418713992
-1.61922091068 1.3075703661 2.92679127678
-1.61099794667 1.31217364228 2.92317158894
-1.57720961823 1.33085519256 2.90806481079
-1.49371642243 1.37560199246 2.86931841488
-1.48245176076 1.38149578828 2.86394754905
-1.43792443139 1.40442529481 2.8423497262
-1.37067137591 1.43805121481 2.80872259072
-1.33650555195 1.45467492985 2.7911804818
-1.26119134355 1.49028568277 2.75147702633
-1.09574899427 1.56361353903 2.6593625333
-1.0432001728 1.58556244417 2.62876261697
-0.786074586169 1.68401679461 2.47009138078
-0.726551700769 1.70477579752 2.43132749829
-0.714658199086 1.70884036744 2.42349856653
-0.714658199086 1.70884036744 2.42349856653
-0.714658199086 1.70884036744 2.42349856653
-0.714658199086 1.70884036744 2.42349856653
-0.714658199086 1.70884036744 2.42349856653
-0.714658199086 1.70884036744 2.42349856653
-0.714658199086 1.70884036744 2.42349856653
-0.714658199086 1.70884036744 2.42349856653
-0.714658199086 1.70884036744 2.42349856653
-0.714658199086 1.70884036744 2.42349856653
-0.714658199086 1.70884036744 2.42349856653
-0.714658199086 1.70884036744 2.42349856653
-0.714658199086 1.70884036744 2.42349856653
-0.714658199086 1.70884036744 2.42349856653
-0.714658199086 1.70884036744 2.42349856653
-0.714658199086 1.70884036744 2.42349856653
-0.714658199086 1.70884036744 2.42349856653
-0.714658199086 1.70884036744 2.42349856653
-0.714658199086 1.70884036744 2.42349856653
-0.714658199086 1.70884036744 2.42349856653
-0.714658199086 1.70884036744 2.42349856653
-0.714658199086 1.70884036744 2.42349856653
-0.714658199086 1.70884036744 2.42349856653
-0.714658199086 1.70884036744 2.42349856653
-0.714658199086 1.70884036744 2.42349856653
-0.714658199086 1.70884036744 2.42349856653
-0.714658199086 1.70884036744 2.42349856653
-0.714658199086 1.70884036744 2.42349856653
-0.714658199086 1.70884036744 2.42349856653
-0.714658199086 1.70884036744 2.42349856653
-0.714658199086 1.70884036744 2.42349856653
-0.714658199086 1.70884036744 2.42349856653
-0.714658199086 1.70884036744 2.42349856653
-0.714658199086 1.70884036744 2.42349856653
-0.714658199086 1.70884036744 2.42349856653
-0.714658199086 1.70884036744 2.42349856653
-0.714658199086 1.70884036744 2.42349856653
-0.714658199086 1.70884036744 2.42349856653
-0.714658199086 1.70884036744 2.42349856653
-0.714658199086 1.70884036744 2.42349856653
-0.714658199086 1.70884036744 2.42349856653
-0.714658199086 1.70884036744 2.42349856653
-0.714658199086 1.70884036744 2.42349856653
-0.714658199086 1.70884036744 2.42349856653
-0.714658199086 1.70884036744 2.42349856653
-0.714658199086 1.70884036744 2.42349856653
-0.714658199086 1.70884036744 2.42349856653
-0.714658199086 1.70884036744 2.42349856653
-0.714658199086 1.70884036744 2.42349856653
-0.714658199086 1.70884036744 2.42349856653
-0.714658199086 1.70884036744 2.42349856653
-0.714658199086 1.70884036744 2.42349856653
-0.714658199086 1.70884036744 2.42349856653
-0.714658199086 1.70884036744 2.42349856653
-0.714658199086 1.70884036744 2.42349856653
-0.714658199086 1.70884036744 2.42349856653
-0.714658199086 1.70884036744 2.42349856653
-0.714658199086 1.70884036744 2.42349856653
-0.714658199086 1.70884036744 2.42349856653
-0.714658199086 1.70884036744 2.42349856653
-0.714658199086 1.70884036744 2.42349856653
-0.714658199086 1.70884036744 2.42349856653
-0.714658199086 1.70884036744 2.42349856653
-0.714658199086 1.70884036744 2.42349856653
-0.714658199086 1.70884036744 2.42349856653
-0.714658199086 1.70884036744 2.42349856653
-0.714658199086 1.70884036744 2.42349856653
-0.714658199086 1.70884036744 2.42349856653
-0.714658199086 1.70884036744 2.42349856653
-0.714658199086 1.70884036744 2.42349856653
-0.714658199086 1.70884036744 2.42349856653
-0.714658199086 1.70884036744 2.42349856653
-0.714658199086 1.70884036744 2.42349856653
-0.714658199086 1.70884036744 2.42349856653
-0.714658199086 1.70884036744 2.42349856653
-0.714658199086 1.70884036744 2.42349856653
-0.714658199086 1.70884036744 2.42349856653
-0.714658199086 1.70884036744 2.42349856653
-0.714658199086 1.70884036744 2.42349856653
-0.714658199086 1.70884036744 2.42349856653
-0.714658199086 1.70884036744 2.42349856653
-0.714658199086 1.70884036744 2.42349856653
-0.714658199086 1.70884036744 2.42349856653
-0.714658199086 1.70884036744 2.42349856653
-0.714658199086 1.70884036744 2.42349856653
-0.714658199086 1.70884036744 2.42349856653
-0.714658199086 1.70884036744 2.42349856653
-0.714658199086 1.70884036744 2.42349856653
-0.714658199086 1.70884036744 2.42349856653
-0.714658199086 1.70884036744 2.42349856653
-0.714658199086 1.70884036744 2.42349856653
-0.714658199086 1.70884036744 2.42349856653
-0.714658199086 1.70884036744 2.42349856653
-0.714658199086 1.70884036744 2.42349856653
-0.714658199086 1.70884036744 2.42349856653
-0.765242369756 1.69104526045 2.45628763021
-0.870909745164 1.65217447752 2.52308422269
-0.883613173545 1.64734284306 2.53095601661
-0.905730406102 1.63882849549 2.54455890159
-0.941042890049 1.62504054456 2.56608343461
-0.964587787951 1.61567986837 2.58026765632
-0.978170844008 1.61021873001 2.58838957401
-0.984494899921 1.60768324253 2.59217814245
-0.985362180219 1.60733625489 2.59269843511
-0.984494899921 1.60768324253 2.59217814245
-0.984494899921 1.60768324253 2.59217814245
-0.985362180219 1.60733625489 2.59269843511
-0.985362180219 1.60733625489 2.59269843511
-0.985362180219 1.60733625489 2.59269843511
-0.985362180219 1.60733625489 2.59269843511
-0.985362180219 1.60733625489 2.59269843511
-0.985362180219 1.60733625489 2.59269843511
-0.985362180219 1.60733625489 2.59269843511
-0.985362180219 1.60733625489 2.59269843511
-0.985362180219 1.60733625489 2.59269843511
-0.985362180219 1.60733625489 2.59269843511
-0.985362180219 1.60733625489 2.59269843511
-0.985362180219 1.60733625489 2.59269843511
-0.985362180219 1.60733625489 2.59269843511
-0.985362180219 1.60733625489 2.59269843511
-0.985362180219 1.60733625489 2.59269843511
-0.985362180219 1.60733625489 2.59269843511
-0.985362180219 1.60733625489 2.59269843511
-0.985362180219 1.60733625489 2.59269843511
-0.985362180219 1.60733625489 2.59269843511
-0.985362180219 1.60733625489 2.59269843511
-0.985362180219 1.60733625489 2.59269843511
-0.985362180219 1.60733625489 2.59269843511
-0.985362180219 1.60733625489 2.59269843511
-0.985362180219 1.60733625489 2.59269843511
-0.985362180219 1.60733625489 2.59269843511
-0.985362180219 1.60733625489 2.59269843511
-0.985362180219 1.60733625489 2.59269843511
-0.985362180219 1.60733625489 2.59269843511
-0.985362180219 1.60733625489 2.59269843511
-0.985362180219 1.60733625489 2.59269843511
-0.985362180219 1.60733625489 2.59269843511
-0.985362180219 1.60733625489 2.59269843511
-0.985362180219 1.60733625489 2.59269843511
-0.985362180219 1.60733625489 2.59269843511
-0.985362180219 1.60733625489 2.59269843511
-0.985362180219 1.60733625489 2.59269843511
-0.985362180219 1.60733625489 2.59269843511
-0.985362180219 1.60733625489 2.59269843511
-0.985362180219 1.60733625489 2.59269843511
-0.985362180219 1.60733625489 2.59269843511
-0.985362180219 1.60733625489 2.59269843511
-0.985362180219 1.60733625489 2.59269843511
-0.985362180219 1.60733625489 2.59269843511
-0.985362180219 1.60733625489 2.59269843511
-0.985362180219 1.60733625489 2.59269843511
-0.985362180219 1.60733625489 2.59269843511
-0.985362180219 1.60733625489 2.59269843511
-0.985362180219 1.60733625489 2.59269843511
-0.985362180219 1.60733625489 2.59269843511
-0.985362180219 1.60733625489 2.59269843511
-0.985362180219 1.60733625489 2.59269843511
-0.985362180219 1.60733625489 2.59269843511
-0.985362180219 1.60733625489 2.59269843511
-0.985362180219 1.60733625489 2.59269843511
-0.985362180219 1.60733625489 2.59269843511
-0.985362180219 1.60733625489 2.59269843511
-0.985362180219 1.60733625489 2.59269843511
-0.985362180219 1.60733625489 2.59269843511
-0.985362180219 1.60733625489 2.59269843511
-0.985362180219 1.60733625489 2.59269843511
-0.985362180219 1.60733625489 2.59269843511
-0.985362180219 1.60733625489 2.59269843511
-0.985362180219 1.60733625489 2.59269843511
-0.985362180219 1.60733625489 2.59269843511
-0.985362180219 1.60733625489 2.59269843511
-0.985362180219 1.60733625489 2.59269843511
-0.985362180219 1.60733625489 2.59269843511
-0.985362180219 1.60733625489 2.59269843511
-0.985362180219 1.60733625489 2.59269843511
-0.985362180219 1.60733625489 2.59269843511
-0.985362180219 1.60733625489 2.59269843511
-0.985362180219 1.60733625489 2.59269843511
-0.985362180219 1.60733625489 2.59269843511
-0.985362180219 1.60733625489 2.59269843511
-0.985362180219 1.60733625489 2.59269843511
-0.985362180219 1.60733625489 2.59269843511
-0.985362180219 1.60733625489 2.59269843511
-0.985362180219 1.60733625489 2.59269843511
-0.985362180219 1.60733625489 2.59269843511
-0.985362180219 1.60733625489 2.59269843511
-0.985362180219 1.60733625489 2.59269843511
-0.985362180219 1.60733625489 2.59269843511
-0.985362180219 1.60733625489 2.59269843511
-0.985362180219 1.60733625489 2.59269843511
-0.985362180219 1.60733625489 2.59269843511
-0.985362180219 1.60733625489 2.59269843511
-0.985362180219 1.60733625489 2.59269843511
-0.985362180219 1.60733625489 2.59269843511
-0.985362180219 1.60733625489 2.59269843511
-0.985362180219 1.60733625489 2.59269843511
-0.985362180219 1.60733625489 2.59269843511
-0.985362180219 1.60733625489 2.59269843511
-0.985362180219 1.60733625489 2.59269843511
-0.985362180219 1.60733625489 2.59269843511
-0.985362180219 1.60733625489 2.59269843511
-0.985362180219 1.60733625489 2.59269843511
-0.985362180219 1.60733625489 2.59269843511
-0.985362180219 1.60733625489 2.59269843511
-0.985362180219 1.60733625489 2.59269843511
-0.985362180219 1.60733625489 2.59269843511
-0.985362180219 1.60733625489 2.59269843511
-0.985362180219 1.60733625489 2.59269843511
-0.985362180219 1.60733625489 2.59269843511
-0.985362180219 1.60733625489 2.59269843511
-0.985362180219 1.60733625489 2.59269843511
-0.985362180219 1.60733625489 2.59269843511
-0.985362180219 1.60733625489 2.59269843511
-0.985362180219 1.60733625489 2.59269843511
-0.985362180219 1.60733625489 2.59269843511
-0.985362180219 1.60733625489 2.59269843511
-0.985362180219 1.60733625489 2.59269843511
-0.985362180219 1.60733625489 2.59269843511
-0.978325459329 1.61014673033 2.58847218966
-0.926471995162 1.63047483529 2.55694683046
-0.892110420151 1.64362472091 2.53573514106
-0.883082047847 1.64703148859 2.53011353644
-0.845243400793 1.66115339619 2.50639679699
-0.786080739571 1.68259956094 2.46868030051
-0.709132629796 1.70938013435 2.41851276415
-0.71859160643 1.70616187691 2.42475348334
-0.714478678971 1.70756929933 2.4220479783
-0.71240443832 1.70827775961 2.42068219793
-0.707040349578 1.7100923956 2.41713274518
-0.707040349578 1.7100923956 2.41713274518
-0.707040349578 1.7100923956 2.41713274518
-0.707040349578 1.7100923956 2.41713274518
-0.71240443832 1.70827775961 2.42068219793
-0.71240443832 1.70827775961 2.42068219793
-0.71240443832 1.70827775961 2.42068219793
-0.71240443832 1.70827775961 2.42068219793
-0.71240443832 1.70827775961 2.42068219793
-0.71240443832 1.70827775961 2.42068219793
-0.71240443832 1.70827775961 2.42068219793
-0.71240443832 1.70827775961 2.42068219793
-0.71240443832 1.70827775961 2.42068219793
-0.630695944368 1.73531490397 2.36601084834
-0.630695944368 1.73531490397 2.36601084834
-0.636343592218 1.73349260263 2.36983619484
-0.636343592218 1.73349260263 2.36983619484
-0.636343592218 1.73349260263 2.36983619484
-0.636343592218 1.73349260263 2.36983619484
-0.608725411044 1.74235316026 2.3510785713
-0.451943878724 1.78975647608 2.24170035481
-0.197179740019 1.85644411445 2.05362385446
0.030190305081 1.90536646221 1.87517615712
0.275317394312 1.94694300773 1.67162561342
0.53288662666 1.97804389232 1.44515726566
0.981190575611 1.99999754324 1.01880696763
1.15207816393 1.99686131246 0.844783148521
1.28747110945 1.98948648755 0.702015378104
1.35568109389 1.98404780025 0.628366706358
1.60732367854 1.95323245994 0.345908781395
2.05170112891 1.85012285307 -0.201578275839
2.25110951438 1.77798839913 -0.473121115242
2.25110951438 1.77798839913 -0.473121115242
2.25110951438 1.77798839913 -0.473121115242
2.25110951438 1.77798839913 -0.473121115242
2.25110951438 1.77798839913 -0.473121115242
2.25110951438 1.77798839913 -0.473121115242
2.25110951438 1.77798839913 -0.473121115242
2.25110951438 1.77798839913 -0.473121115242
2.25110951438 1.77798839913 -0.473121115242
2.25110951438 1.77798839913 -0.473121115242
2.25110951438 1.77798839913 -0.473121115242
2.25110951438 1.77798839913 -0.473121115242
2.25110951438 1.77798839913 -0.473121115242
2.25110951438 1.77798839913 -0.473121115242
2.25110951438 1.77798839913 -0.473121115242
2.25110951438 1.77798839913 -0.473121115242
2.25110951438 1.77798839913 -0.473121115242
2.25110951438 1.77798839913 -0.473121115242
2.25110951438 1.77798839913 -0.473121115242
2.25110951438 1.77798839913 -0.473121115242
2.25110951438 1.77798839913 -0.473121115242
2.25110951438 1.77798839913 -0.473121115242
2.25110951438 1.77798839913 -0.473121115242
2.25110951438 1.77798839913 -0.473121115242
2.25110951438 1.77798839913 -0.473121115242
2.25110951438 1.77798839913 -0.473121115242
2.25110951438 1.77798839913 -0.473121115242
2.25110951438 1.77798839913 -0.473121115242
2.25110951438 1.77798839913 -0.473121115242
2.25110951438 1.77798839913 -0.473121115242
2.25110951438 1.77798839913 -0.473121115242
2.25110951438 1.77798839913 -0.473121115242
2.25110951438 1.77798839913 -0.473121115242
2.25110951438 1.77798839913 -0.473121115242
2.25110951438 1.77798839913 -0.473121115242
2.25110951438 1.77798839913 -0.473121115242
2.25110951438 1.77798839913 -0.473121115242
2.25110951438 1.77798839913 -0.473121115242
2.25110951438 1.77798839913 -0.473121115242
2.25110951438 1.77798839913 -0.473121115242
2.25110951438 1.77798839913 -0.473121115242
2.25110951438 1.77798839913 -0.473121115242
2.25110951438 1.77798839913 -0.473121115242
2.25110951438 1.77798839913 -0.473121115242
2.25110951438 1.77798839913 -0.473121115242
2.25110951438 1.77798839913 -0.473121115242
2.25110951438 1.77798839913 -0.473121115242
2.25110951438 1.77798839913 -0.473121115242
2.25110951438 1.77798839913 -0.473121115242
2.25110951438 1.77798839913 -0.473121115242
2.25110951438 1.77798839913 -0.473121115242
2.25110951438 1.77798839913 -0.473121115242
2.25110951438 1.77798839913 -0.473121115242
2.25110951438 1.77798839913 -0.473121115242
2.25110951438 1.77798839913 -0.473121115242
2.25110951438 1.77798839913 -0.473121115242
2.25110951438 1.77798839913 -0.473121115242
2.25110951438 1.77798839913 -0.473121115242
2.25110951438 1.77798839913 -0.473121115242
2.25110951438 1.77798839913 -0.473121115242
2.25110951438 1.77798839913 -0.473121115242
2.25110951438 1.77798839913 -0.473121115242
2.25110951438 1.77798839913 -0.473121115242
2.25110951438 1.77798839913 -0.473121115242
2.25110951438 1.77798839913 -0.473121115242
2.25110951438 1.77798839913 -0.473121115242
2.25110951438 1.77798839913 -0.473121115242
2.24773747327 1.77938902859 -0.468348444676
2.25110951438 1.77798839913 -0.473121115242
2.25110951438 1.77798839913 -0.473121115242
2.25110951438 1.77798839913 -0.473121115242
2.25110951438 1.77798839913 -0.473121115242
2.25110951438 1.77798839913 -0.473121115242
2.25110951438 1.77798839913 -0.473121115242
2.25110951438 1.77798839913 -0.473121115242
2.25110951438 1.77798839913 -0.473121115242
2.25110951438 1.77798839913 -0.473121115242
2.25110951438 1.77798839913 -0.473121115242
2.25110951438 1.77798839913 -0.473121115242
2.25110951438 1.77798839913 -0.473121115242
2.25110951438 1.77798839913 -0.473121115242
2.25110951438 1.77798839913 -0.473121115242
2.25110951438 1.77798839913 -0.473121115242
2.25110951438 1.77798839913 -0.473121115242
2.25110951438 1.77798839913 -0.473121115242
2.25110951438 1.77798839913 -0.473121115242
2.25110951438 1.77798839913 -0.473121115242
2.25110951438 1.77798839913 -0.473121115242
2.25110951438 1.77798839913 -0.473121115242
2.25110951438 1.77798839913 -0.473121115242
2.25110951438 1.77798839913 -0.473121115242
2.25110951438 1.77798839913 -0.473121115242
2.25110951438 1.77798839913 -0.473121115242
2.25110951438 1.77798839913 -0.473121115242
2.25110951438 1.77798839913 -0.473121115242
2.25110951438 1.77798839913 -0.473121115242
2.25110951438 1.77798839913 -0.473121115242
2.25110951438 1.77798839913 -0.473121115242
2.25110951438 1.77798839913 -0.473121115242
2.25110951438 1.77798839913 -0.473121115242
2.25110951438 1.77798839913 -0.473121115242
2.25110951438 1.77798839913 -0.473121115242
2.25110951438 1.77798839913 -0.473121115242
2.25110951438 1.77798839913 -0.473121115242
2.25110951438 1.77798839913 -0.473121115242
2.25110951438 1.77798839913 -0.473121115242
2.25110951438 1.77798839913 -0.473121115242
2.25110951438 1.77798839913 -0.473121115242
2.25110951438 1.77798839913 -0.473121115242
2.25110951438 1.77798839913 -0.473121115242
2.1274131363 1.82497357592 -0.302439560373
1.91478787998 1.88949082794 -0.0252970520454
1.46975739326 1.97225192045 0.502494527186
1.36379076005 1.98332773611 0.619536976054
0.934653327965 1.99970830915 1.06505498119
0.673235164199 1.98941500469 1.31617984049
0.46004651103 1.97057067008 1.51052415905
0.256148297437 1.94409920365 1.68795090622
0.101784646119 1.91868826166 1.81690361554
-0.191411190279 1.85779434455 2.04920553483
-0.377945554143 1.81041877485 2.18836432899
-0.464352937989 1.78616620455 2.25051914254
-0.612890640635 1.74100695951 2.35389760015
-0.696271515822 1.71371747996 2.40998899578
-0.688707547008 1.71625461653 2.40496216354
-0.696271515822 1.71371747996 2.40998899578
-0.696271515822 1.71371747996 2.40998899578
-0.701662709031 1.71190564832 2.41356835735
-0.696271515822 1.71371747996 2.40998899578
-0.696271515822 1.71371747996 2.40998899578
-0.696271515822 1.71371747996 2.40998899578
-0.696271515822 1.71371747996 2.40998899578
-0.696271515822 1.71371747996 2.40998899578
-0.696271515822 1.71371747996 2.40998899578
-0.696271515822 1.71371747996 2.40998899578
-0.696271515822 1.71371747996 2.40998899578
-0.696271515822 1.71371747996 2.40998899578
-0.696271515822 1.71371747996 2.40998899578
-0.696271515822 1.71371747996 2.40998899578
-0.696271515822 1.71371747996 2.40998899578
-0.696271515822 1.71371747996 2.40998899578
-0.696271515822 1.71371747996 2.40998899578
-0.696271515822 1.71371747996 2.40998899578
-0.696271515822 1.71371747996 2.40998899578
-0.696271515822 1.71371747996 2.40998899578
-0.696271515822 1.71371747996 2.40998899578
-0.696271515822 1.71371747996 2.40998899578
-0.696271515822 1.71371747996 2.40998899578
-0.696271515822 1.71371747996 2.40998899578
-0.712963464523 1.70804767435 2.42101113887
-0.741060556449 1.69836068724 2.43942124369
-0.755719212215 1.69324808754 2.44896729975
-0.654537371564 1.72718191648 2.38171928805
-0.888427666743 1.64486550683 2.53329317357
-0.918957354588 1.63319984224 2.55215719683
-0.934930044663 1.62701205094 2.5619420956
-0.934930044663 1.62701205094 2.5619420956
-0.936363017777 1.62646346637 2.56282648414
-0.937294685863 1.62610102102 2.56339570689
-0.938222777481 1.62573977784 2.56396255532
-0.938222777481 1.62573977784 2.56396255532
-0.938222777481 1.62573977784 2.56396255532
-0.938222777481 1.62573977784 2.56396255532
-0.938222777481 1.62573977784 2.56396255532
-0.938222777481 1.62573977784 2.56396255532
-0.938222777481 1.62573977784 2.56396255532
-0.938222777481 1.62573977784 2.56396255532
-0.934930044663 1.62701205094 2.5619420956
-0.934930044663 1.62701205094 2.5619420956
-0.934930044663 1.62701205094 2.5619420956
-0.934930044663 1.62701205094 2.5619420956
-0.934930044663 1.62701205094 2.5619420956
-0.934930044663 1.62701205094 2.5619420956
-0.934930044663 1.62701205094 2.5619420956
-0.934930044663 1.62701205094 2.5619420956
-0.934930044663 1.62701205094 2.5619420956
-0.934930044663 1.62701205094 2.5619420956
-0.934930044663 1.62701205094 2.5619420956
-0.934930044663 1.62701205094 2.5619420956
-0.934930044663 1.62701205094 2.5619420956
-0.934930044663 1.62701205094 2.5619420956
-0.934930044663 1.62701205094 2.5619420956
-0.934930044663 1.62701205094 2.5619420956
-0.934930044663 1.62701205094 2.5619420956
-0.934930044663 1.62701205094 2.5619420956
-0.934930044663 1.62701205094 2.5619420956
-0.934930044663 1.62701205094 2.5619420956
-0.934930044663 1.62701205094 2.5619420956
-0.934930044663 1.62701205094 2.5619420956
-0.934930044663 1.62701205094 2.5619420956
-0.934930044663 1.62701205094 2.5619420956
-0.934930044663 1.62701205094 2.5619420956
-0.934930044663 1.62701205094 2.5619420956
-0.934930044663 1.62701205094 2.5619420956
-0.934930044663 1.62701205094 2.5619420956
-0.934930044663 1.62701205094 2.5619420956
-0.934930044663 1.62701205094 2.5619420956
-0.934930044663 1.62701205094 2.5619420956
-0.934930044663 1.62701205094 2.5619420956
-0.934930044663 1.62701205094 2.5619420956
-0.934930044663 1.62701205094 2.5619420956
-0.934930044663 1.62701205094 2.5619420956
-0.934930044663 1.62701205094 2.5619420956
-0.934930044663 1.62701205094 2.5619420956
-0.934930044663 1.62701205094 2.5619420956
-0.934930044663 1.62701205094 2.5619420956
-0.934930044663 1.62701205094 2.5619420956
-0.934930044663 1.62701205094 2.5619420956
-0.934930044663 1.62701205094 2.5619420956
-0.934930044663 1.62701205094 2.5619420956
-0.934930044663 1.62701205094 2.5619420956
-0.934930044663 1.62701205094 2.5619420956
-0.934930044663 1.62701205094 2.5619420956
-0.934930044663 1.62701205094 2.5619420956
-0.934930044663 1.62701205094 2.5619420956
-0.934930044663 1.62701205094 2.5619420956
-0.934930044663 1.62701205094 2.5619420956
-0.934930044663 1.62701205094 2.5619420956
-0.934930044663 1.62701205094 2.5619420956
-0.934930044663 1.62701205094 2.5619420956
-0.934930044663 1.62701205094 2.5619420956
-0.934930044663 1.62701205094 2.5619420956
-0.934930044663 1.62701205094 2.5619420956
-0.934930044663 1.62701205094 2.5619420956
-0.934930044663 1.62701205094 2.5619420956
-0.934930044663 1.62701205094 2.5619420956
-0.934930044663 1.62701205094 2.5619420956
-0.934930044663 1.62701205094 2.5619420956
-0.934930044663 1.62701205094 2.5619420956
-0.934930044663 1.62701205094 2.5619420956
-0.934930044663 1.62701205094 2.5619420956
-0.934930044663 1.62701205094 2.5619420956
-0.934930044663 1.62701205094 2.5619420956
-0.940588356723 1.62482667796 2.56541503468
-1.13313537772 1.54623386554 2.67936924326
-1.20609006575 1.51421691912 2.72030698487
-1.50335938423 1.36999164212 2.87335102635
-1.67377241782 1.27636632568 2.9501387435
-1.83227783695 1.18116795953 3.01344579648
-1.87243826118 1.15565101485 3.02808927603
-1.86381872805 1.16117093525 3.0249896633
-1.86700064047 1.15913718275 3.02613782323
-1.87243826118 1.15565101485 3.02808927603
-1.87243826118 1.15565101485 3.02808927603
-1.87243826118 1.15565101485 3.02808927603
-1.87243826118 1.15565101485 3.02808927603
-1.87243826118 1.15565101485 3.02808927603
-1.87243826118 1.15565101485 3.02808927603
-1.87243826118 1.15565101485 3.02808927603
-1.87243826118 1.15565101485 3.02808927603
-1.87243826118 1.15565101485 3.02808927603
-1.87243826118 1.15565101485 3.02808927603
-1.87243826118 1.15565101485 3.02808927603
-1.87243826118 1.15565101485 3.02808927603
-1.87243826118 1.15565101485 3.02808927603
-1.87243826118 1.15565101485 3.02808927603
-1.87243826118 1.15565101485 3.02808927603
-1.87243826118 1.15565101485 3.02808927603
-1.87243826118 1.15565101485 3.02808927603
-1.87243826118 1.15565101485 3.02808927603
-1.87243826118 1.15565101485 3.02808927603
-1.87243826118 1.15565101485 3.02808927603
-1.87243826118 1.15565101485 3.02808927603
-1.87243826118 1.15565101485 3.02808927603
-1.87243826118 1.15565101485 3.02808927603
-1.87243826118 1.15565101485 3.02808927603
-1.87243826118 1.15565101485 3.02808927603
-1.87243826118 1.15565101485 3.02808927603
-1.87243826118 1.15565101485 3.02808927603
-1.87243826118 1.15565101485 3.02808927603
-1.87243826118 1.15565101485 3.02808927603
-1.87243826118 1.15565101485 3.02808927603
-1.87243826118 1.15565101485 3.02808927603
-1.87243826118 1.15565101485 3.02808927603
-1.87243826118 1.15565101485 3.02808927603
-1.87243826118 1.15565101485 3.02808927603
-1.87243826118 1.15565101485 3.02808927603
-1.87243826118 1.15565101485 3.02808927603
-1.87243826118 1.15565101485 3.02808927603
-1.87243826118 1.15565101485 3.02808927603
-1.87243826118 1.15565101485 3.02808927603
-1.87243826118 1.15565101485 3.02808927603
-1.87243826118 1.15565101485 3.02808927603
-1.87243826118 1.15565101485 3.02808927603
-1.87243826118 1.15565101485 3.02808927603
-1.87243826118 1.15565101485 3.02808927603
-1.87243826118 1.15565101485 3.02808927603
-1.87243826118 1.15565101485 3.02808927603
-1.87243826118 1.15565101485 3.02808927603
-1.87243826118 1.15565101485 3.02808927603
-1.87243826118 1.15565101485 3.02808927603
-1.87243826118 1.15565101485 3.02808927603
-1.87243826118 1.15565101485 3.02808927603
-1.87243826118 1.15565101485 3.02808927603
-1.87243826118 1.15565101485 3.02808927603
-1.87243826118 1.15565101485 3.02808927603
-1.87243826118 1.15565101485 3.02808927603
-1.87243826118 1.15565101485 3.02808927603
-1.87243826118 1.15565101485 3.02808927603
-1.87243826118 1.15565101485 3.02808927603
-1.87243826118 1.15565101485 3.02808927603
-1.87243826118 1.15565101485 3.02808927603
-1.87243826118 1.15565101485 3.02808927603
-1.87243826118 1.15565101485 3.02808927603
-1.87243826118 1.15565101485 3.02808927603
-1.87243826118 1.15565101485 3.02808927603
-1.87243826118 1.15565101485 3.02808927603
-1.87243826118 1.15565101485 3.02808927603
-1.87243826118 1.15565101485 3.02808927603
-1.87243826118 1.15565101485 3.02808927603
-1.87243826118 1.15565101485 3.02808927603
-1.87018528749 1.15709800131 3.02728328881
-1.85560847956 1.16641265008 3.02202112964
-1.83935467055 1.17671262701 3.01606729756
